2 1 0.500150046875 0.6884446078125 0.2936247546875 0.6768804015625001 0.3704497109375 0.6786594453125 0.43408893437499996 0.675074965625 0.4747252875 0.6888702359375001 0.5125530140625 0.7238250984375 0.564849784375 0.75790789375 0.6368770484375 0.7671504046875001 0.69678600625 0.7811964734375 0.7650275640624999 0.7876274234375 0.82621396875 0.796668709375 0.8655233000000001 0.8534977125 0.9390876078125 0.8736335859375 0.9625017250000001 1 0.9477988390625001 1 0.500150046875
10 0.5357075359375 0.316551659375 0.5413655656249999 0.41709697031250004 0.55514910625 0.529553496875 0.6246971578125 0.6587335953125 0.625569225 0.6390031031250001 0.6095777984375 0.589622903125 0.6102982124999999 0.559106990625 0.6137776828125 0.5361566265625 0.6205295328125 0.50697066875 0.580820684375 0.45615550312500003 0.5560329046875 0.43519420468750003 0.5501094140625 0.39752106249999997 0.543118496875 0.3216643859375 0.5357075359375 0.316551659375
6 0.5359642 0.30965109062499996 0.545623821875 0.3174732984375 0.545731765625 0.2811301109375 0.544156878125 0.2194333140625 0.561236259375 0.176396646875 0.550398334375 0.18539129375000002 0.5397120609375 0.2051713578125 0.5366934125 0.2231635796875 0.533619325 0.268655996875 0.5359642 0.30965109062499996
6 0.5290606984374999 0.3280516296875 0.5213376375000001 0.3573396640625 0.5264911390625 0.415714509375 0.5499023234375 0.4142358375 0.54633250625 0.3615861890625 0.535958334375 0.34696549062500004 0.5290606984374999 0.3280516296875
7 0.183393709375 0.1503194078125 0.214828328125 0.1597807375 0.23056895625 0.1787471046875 0.23521793125 0.1949514875 0.23828028906249998 0.2240878703125 0.2269786109375 0.256697859375 0.20463778437500002 0.277702865625 0.2056585703125 0.28741499375 0.32450233906250003 0.28768925312500004 0.44364941093750004 0.30953434999999996 0.516280346875 0.33725043125 0.5252779249999999 0.32943115624999997 0.520118559375 0.308370709375 0.47810854375 0.26368905625 0.43568728281249997 0.23377975156250003 0.3872345875 0.20254049375 0.3248261703125 0.178659690625 0.183393709375 0.1503194078125
3 0.47228391875 0.5726309359374999 0.4918014546875 0.627532178125 0.49598667656249995 0.6673519015625 0.49690245156249996 0.6947500171875001 0.5401024984375 0.6479860171875 0.5524249625000001 0.6250881578125 0.5621954609375 0.577909978125 0.564295403125 0.5511768390625 0.542024678125 0.4513956515625 0.5388602421875001 0.42128805625 0.5310905406249999 0.422104684375 0.4851343703125 0.44264593906250005 0.4592645015625 0.47678710625000004 0.4466824421875 0.525242734375 0.47228391875 0.5726309359374999
2 0 0.5168613359374999 0.0501560171875 0.9940639718750001 0.22536531875 0.7645312718749999 0.2324234046875 0.738258953125 0.2279378125 0.6582111890625 0.2149183953125 0.562367359375 0.1688428328125 0.36689399375 0 0.46567261875000004 0 0.5168613359374999
14 0.48791660312499996 0.6279404937499999 0.4734009171875 0.620628678125 0.45480502187500005 0.5558111515624999 0.4183131140625 0.5262605875 0.370163721875 0.51659216875 0.34173895625 0.5451102156250001 0.3136699984375 0.58635610625 0.285396884375 0.625659571875 0.27900084375 0.6675733734375 0.28062823593749997 0.720427178125 0.2874179265625 0.7756842296875 0.3138885375 0.8219991406249999 0.3503279390625 0.8603926968750001 0.399293959375 0.87783081875 0.43993617812499997 0.8441008999999999 0.47326951250000004 0.806229465625 0.4878435703125 0.7673838875000001 0.49398588125 0.7137134546875 0.49874866406249996 0.6562602484375 0.48791660312499996 0.6279404937499999
14 0.7504385625000001 0.6779217156249999 0.75217683125 0.6757751328125 0.7294394203125 0.6182664875 0.7055732796874999 0.5873889046875 0.6725054046875 0.56238816875 0.6503191625 0.5755213953125 0.62941036875 0.5914661812500001 0.6212789921875 0.616869365625 0.616977028125 0.6693644296875 0.62407295625 0.72753511875 0.630710996875 0.7720067484375 0.6445529078125001 0.8383058812499999 0.6684190484375 0.8691834671875001 0.700716934375 0.9148859046875 0.72203404375 0.9028259703125 0.7448881953125001 0.8680198265625 0.7524596046875 0.827946371875 0.7543116828125 0.7521422015625 0.7529934593750001 0.683544834375 0.7504385625000001 0.6779217156249999
12 0.1045007890625 0.287245746875 0.1182435546875 0.3339164671875 0.12938185 0.3651498609375 0.158722390625 0.364029928125 0.20529103124999998 0.34931595 0.20861885 0.315580165625 0.21184458906249998 0.2808731671875 0.172742346875 0.273199678125 0.1045007890625 0.287245746875
15 0.8890104515624999 0.043752023437499996 0.8428530578125001 0.043693653124999995 0.8021087625 0.076452359375 0.754207234375 0.115854971875 0.702158328125 0.19988086562500001 0.6864526078125001 0.2840147046875 0.9979696328125 0.4918486578125 0.9508093296875 0.04314835 0.8890104515624999 0.043752023437499996
15 0 0.44763717812500003 0.08930252968749999 0.39489285 0.09554398593749999 0.36085082968750004 0.077557628125 0.3205177796875 0.0587546421875 0.272415028125 0.0472051 0.25595398281250004 0 0.2127146546875 0 0.44763717812500003
5 0 0.1022911859375 0.0191129625 0.1194708671875 0.0959816265625 0.178163678125 0.15440018125 0.220138784375 0.19339741093750001 0.2454982609375 0.20229291093750001 0.236707771875 0.1886988625 0.219479671875 0.176141465625 0.1901470046875 0.1701496078125 0.1831335515625 0.1702516859375 0.1841047640625 0.1597749203125 0.176496521875 0.16033278906249998 0.16727594375 0.1575267734375 0.1658033734375 0 0.0506047203125 0 0.1022911859375
9 0.24213553281250003 0.7372381671875 0.2635488546875 0.7634638453125 0.2512002796875 0.627289896875 0.26726180624999996 0.555883903125 0.30233927656250004 0.4785514875 0.33909664375 0.44522988124999996 0.3725261921875 0.4456440609375 0.39276414531250003 0.47002939218749995 0.4234287734375 0.5001924265625 0.44264593906250005 0.5148656296875 0.455995053125 0.464365496875 0.4996529890625 0.4313005546875 0.533342134375 0.406156965625 0.5312995765624999 0.4059671265625 0.5163299203125 0.3470646375 0.5109634640625 0.3427189671875 0.439251234375 0.3237438 0.38609412656250003 0.30380035312500003 0.29991285156249997 0.30598477968750004 0.26352009062500004 0.2960626296875 0.22952764375 0.2996353796875 0.200391259375 0.3026977359375 0.1975242625 0.33147537968749996 0.187450459375 0.3570827203125 0.1779920609375 0.3698601375 0.1980141265625 0.46693184375 0.212978903125 0.5439143171875 0.2209935359375 0.6108259203124999 0.2317176515625 0.6754888640625001 0.24213553281250003 0.7372381671875
9 0.629066290625 0.5041095359375001 0.6448623578125 0.49557571093749997 0.677880659375 0.5107622390625 0.6753812 0.4776389265625 0.677114928125 0.318930884375 0.6752125921875 0.30715925624999996 0.6755651109375 0.28319514375 0.6756671890625 0.28416635625 0.6762300875 0.2801794265625 0.7386153234374999 0.126331221875 0.8216438953124999 0.0194104 0.7955757328125 0.014294740625 0.6930237625 0.10362872187500001 0.638627046875 0.165316721875 0.5567360046875 0.189634884375 0.5467613484375 0.2348706390625 0.5507365484375 0.3100623375 0.548630740625 0.3741098765625 0.5745850921875 0.4528831234375 0.629066290625 0.5041095359375001
1 0.807010090625 0 0.763575284375 0.027477540625 0.6887801687499999 0.1099663921875 0.6407765624999999 0.148397790625 0.5722783421875001 0.169344428125 0.5442123171875 0.19193311875000002 0.5301251921875 0.3848923625 0.552594209375 0.5239303765625001 0.570630140625 0.5740776328125 0.6096740125 0.6279085156249999 0.6233554734375 0.7393938296875 0.6315246921875 0.7984336515625 0.6550262250000001 0.8725549921875 0.6853321140624999 0.90864738125 0.7335865171875 0.9006298140625001 0.7830687968750001 0.8856096000000001 0.8698508140625 0.9638812531250001 1 0.9465564390625 1 0.5344563421874999 0.9406047328125 0 0.807010090625 0
1 0 0.52620389375 0.04744946875 0.9776554328125 0.1998016859375 0.8015860765625 0.252707996875 0.791115690625 0.32722298906249997 0.864785009375 0.38569698125 0.8792599203125 0.46191826249999995 0.8290252484374999 0.504765434375 0.7508762015625 0.5011489765625 0.6697551484375001 0.536523884375 0.6513079703125 0.55421866875 0.59544138125 0.5590280921875 0.56645958125 0.5379444671875 0.393889940625 0.5332517859375 0.330556953125 0.5095927359375 0.28296459375 0.40200693593750003 0.20295174062500002 0.2625198328125 0.1557501 0.1855402921875 0.1520576765625 0.1620240953125 0.1712223359375 0 0.059924493749999995 0 0.52620389375