2 0 0.988503234375 0.168097884375 0.9933060796875001 0.18611645937500002 0.968226103125 0.236317659375 0.88998875625 0.24189850625 0.8500410078125 0.24297223906249998 0.788526940625 0.2510172140625 0.7193208671875 0.25500314375 0.6588343437499999 0.28267865468750003 0.5841106546875 0.31294254062500004 0.5289663703125 0.3233884125 0.4900802546875 0.3162758796875 0.44991094374999996 0.3125016296875 0.3863588328125 0.29428569375 0.3108341046875 0 0.5452533578125001 0 0.988503234375
10 0.387023521875 0.6494182328125 0.38961189687500003 0.6689976390625 0.42216947656250003 0.594359165625 0.447636509375 0.534247596875 0.44836937343749994 0.49226180625 0.4515663671875 0.4210176875 0.44843976406249997 0.320361853125 0.4415026078125 0.32610103125 0.44114963906250004 0.4022783484375 0.4385321203125 0.4403243984375 0.4156655640625 0.46336633281250006 0.38053665312499996 0.517448984375 0.3898065328125 0.5459354171874999 0.39527301875 0.56849519375 0.3986503296875 0.5988321937500001 0.387023521875 0.6494182328125
6 0.4463456484375 0.2724664484375 0.4393183328125 0.22741506875 0.43474304531249996 0.209754403125 0.42237349062499996 0.19098097812499998 0.410792871875 0.182965146875 0.431558153125 0.2243494796875 0.435366490625 0.28594876406249997 0.43864154062500005 0.32214424531249997 0.4475826546875 0.3135099125 0.4463456484375 0.2724664484375
6 0.4508406625 0.35068180937500004 0.44178024374999997 0.3661510390625 0.44281273125 0.4189114703125 0.4662637046875 0.418344096875 0.4663098921875 0.359742228125 0.4560635984375 0.3312387515625 0.4508406625 0.35068180937500004
7 0.540865365625 0.22918757812499999 0.501212296875 0.262680325 0.4632564046875 0.310853365625 0.45995220937500003 0.3322833375 0.46959704375 0.3392886671875 0.5395359828124999 0.3053478515625 0.6563257390625 0.2732015296875 0.7746933671875 0.26257039843749996 0.7748638 0.2528062609375 0.75077728125 0.233828315625 0.7366764625 0.202327425 0.7371877640625 0.1730350109375 0.7404067421875 0.1564871078125 0.7544344453125 0.136221025 0.7849248359375001 0.12405599062499999 0.6465005875000001 0.16461508125 0.586411003125 0.1938442640625 0.540865365625 0.22918757812499999
3 0.45867668124999994 0.6291812953125 0.47294793437499993 0.65091805 0.5200593437500001 0.6937389656249999 0.5185837296875 0.66636529375 0.519282509375 0.6263323296875 0.5339408171875 0.5699389390625 0.5553147171874999 0.520499746875 0.5385573499999999 0.4733251046875 0.5098103265625 0.4415685640625 0.46223874531250003 0.42511081875 0.45442743593749996 0.424974471875 0.45389909062499995 0.4552432984375 0.440409615625 0.5565858109375 0.4448315140625 0.5830341984375 0.45867668124999994 0.6291812953125
2 1 0.42454201874999997 0.8182960609375 0.33853825312499997 0.7894324562499999 0.537283534375 0.7848159234375001 0.633897365625 0.7873240218750001 0.71403146875 0.7966450328125 0.7395886609375 0.9911927015625001 0.9529774234374999 1 0.4484076734375 1 0.42454201874999997
15 0 0.533708934375 0.2924351265625 0.304941534375 0.2806791328125 0.2510172140625 0.26483000625 0.207765271875 0.24675535937499998 0.1801018625 0.21208167812499998 0.15214871562500001 0.1590947421875 0.11020195156249998 0.143007009375 0.08061980156250001 0.0970303453125 0.0847008328125 0.05494229375 0.08982645 0.0264558609375 0.09909633125 0.011911914062499999 0.092982196875 0 0.5106141109375 0 0.533708934375
15 0.678323084375 0.2999566984375 0.602951746875 0.3093849125 0.5195645796874999 0.3303937421875 0.48709195000000005 0.34463259375 0.4763637671875 0.3433136265625 0.47547751250000003 0.39408714218749996 0.491872025 0.4060938453125 0.52168068125 0.4329853609375 0.5608785203125 0.4815284125 0.5645114828125 0.49721920781250006 0.5994870015625 0.451924278125 0.6241189109375 0.4396569828125 0.6765555156249999 0.4571763578125 0.7091229796875 0.4938831421875 0.7278161296875 0.542068284375 0.7586913578125001 0.619767403125 0.756504865625 0.6890757359374999 0.7693395328125 0.73715861875 0.787942525 0.7345532015625 0.7831748171874999 0.6719604593749999 0.7973361437500001 0.42021614218750003 0.8169106078124999 0.361955140625 0.8008399171875 0.3313965765625 0.7759133296875 0.30459027656250004 0.7517245499999999 0.2914708140625 0.678323084375 0.2999566984375
9 0.7796315093749999 0.3153990015625 0.7665923203125 0.2790330859375 0.694303615625 0.2797247046875 0.5983423718750001 0.293677075 0.5285738671875 0.31785375312499997 0.501886871875 0.33594544375 0.4900165171875 0.344528646875 0.481267534375 0.366675678125 0.49361539062500004 0.36217226875 0.473763290625 0.3803832625 0.4790593421875 0.41270717812499996 0.521697725 0.432008946875 0.555156384375 0.4736148421875 0.5586700437500001 0.49614053281250003 0.5921408046875001 0.48109738750000003 0.6260887796875 0.43871465625 0.6659683546874999 0.44820115781250003 0.6968386421874999 0.4702276484375 0.718682596875 0.505770540625 0.737392790625 0.5529792687499999 0.751186828125 0.6020556078125 0.7635954125 0.674548834375 0.76868694375 0.7185897140625 0.7694077078125 0.7332529625 0.781090584375 0.7354103109375 0.7852639921875 0.6641832359375 0.7838345671875 0.5782076953125 0.7837224234375 0.472720921875 0.787401571875 0.429809846875 0.8164284515625001 0.3336220984375 0.7796315093749999 0.3153990015625
10 0.7753118703124999 0.28309213125 0.7817377265625 0.306645365625 0.8020208515625 0.3196966546875 0.8242908906249999 0.330829203125 0.86735535625 0.32572062812499997 0.8798733609375 0.28003370156249996 0.866817128125 0.2446441984375 0.8162481343750001 0.23204097968749998 0.7859111328124999 0.23541829062500003 0.7753118703124999 0.28309213125
15 1 0.1445930359375 0.984459053125 0.163677190625 0.9517260984375 0.192407171875 0.916733534375 0.23867851406249999 0.9023990515625 0.27652004531249996 0.8812637562500001 0.31228944375 0.8659358156250001 0.35109034375000003 0.8775164343749999 0.3591061734375 0.9173278343750001 0.37249833125 0.9589045859375 0.39666512656249997 0.9958549187499999 0.40610049843749996 1 0.30038308593749996 1 0.1445930359375
9 0.2521437875 0.0952220375 0.2040900515625 0.050431250000000004 0.16246216875 0.029193696875 0.136853846875 0.0414439484375 0.130671540625 0.0598935484375 0.177096275 0.0860983890625 0.21749209062500002 0.12196510625000001 0.2535391265625 0.1831504078125 0.2818771109375 0.238340878125 0.295466628125 0.2991341828125 0.321067790625 0.3992056 0.32737928437499997 0.485266359375 0.3296949640625 0.520468384375 0.374933821875 0.5027005171875001 0.41780586875000003 0.4526598671875 0.439162725 0.40419709062500003 0.43937934843750004 0.3358310828125 0.43498659375 0.25175723906249997 0.41730394375 0.20163631249999997 0.4067849578125 0.18875545625 0.3841058765625 0.2010568375 0.3570048984375 0.18690983125 0.326957634375 0.1736881078125 0.29358419062499996 0.12720014375 0.2521437875 0.0952220375
14 0.2941058828125 0.6009142093750001 0.27071098125000004 0.65422496875 0.2700974203125 0.6893758640625001 0.259429984375 0.7409553609375 0.259895096875 0.7702648171875001 0.2604844546875 0.8484120046875001 0.268454096875 0.8954332562499999 0.2999940171875 0.9350522375000001 0.3392039578125 0.9269462484375 0.36823577812499997 0.886431128125 0.374707821875 0.8513824921875001 0.3861982828125 0.8086077640625 0.3878734734375 0.7685918421875 0.39335206093749997 0.7345025781250001 0.38735228906249997 0.686539 0.4053879078125 0.6604826078125 0.37615872499999997 0.600393025 0.356063078125 0.5766011843750001 0.33946404375 0.576311446875 0.31687018125 0.5837307593750001 0.2941058828125 0.6009142093750001
14 0.6308053578124999 0.5042366390625 0.6003660984375 0.5134724312500001 0.5805480843749999 0.5297305984375 0.556636940625 0.55666114375 0.533685165625 0.58458514375 0.521030815625 0.63808338125 0.516409340625 0.6790245859375 0.5164994984375 0.7298151453124999 0.5217103328125 0.767021128125 0.54256083125 0.8035233921874999 0.5625712625 0.8321973015624999 0.5874296765625 0.86290925625 0.6273774234375 0.868490103125 0.6743986750000001 0.8605204609375001 0.690481465625 0.8344299828124999 0.7116508453125 0.79670775625 0.72519639375 0.7481086312499999 0.736703896875 0.7043574890625 0.737539021875 0.656513215625 0.7264356171874999 0.6211578 0.7221330218750001 0.5878745140625 0.69254593125 0.5482896187499999 0.6705315421875 0.5225108640625 0.6308053578124999 0.5042366390625
1 0.0202722015625 0 0 0.69281795 0 0.9848532249999999 0.1622223578125 0.9941802328125 0.249936321875 0.8931566046875 0.27871743437499996 0.9229603187500001 0.32925234375 0.9375163656250001 0.36801421562500003 0.8991245062500001 0.38717469531250004 0.8086248062499999 0.392149140625 0.6915062859375001 0.40478644687500004 0.6389844625000001 0.4481868390625 0.558674984375 0.45846943749999997 0.4172313359375 0.4425543546875 0.20989075000000001 0.400290928125 0.169107878125 0.3564886546875 0.160529615625 0.330829203125 0.175709109375 0.2385592125 0.0901013625 0.13061546875000002 0.0071501625 0.0801396484375 0 0.0202722015625 0
1 1 0.012726615625000002 0.966664259375 0.008069490625 0.82367460625 0.1423131734375 0.786792446875 0.128972146875 0.6692137546875 0.1503608734375 0.5667975109375 0.1983854640625 0.49739185781249995 0.2577300828125 0.46029307656249996 0.3127550625 0.4389048578125 0.58683759375 0.46123096874999997 0.6507135296875 0.5251459328125 0.6821072171875 0.5160393265625001 0.7561783171875 0.57000761875 0.8538147515625001 0.626418053125 0.8674966453125 0.686064509375 0.8636542234375 0.73364325 0.7677902984375 0.7650248375 0.7605243749999999 0.8214011859375001 0.7761590968750001 0.988621371875 0.932421603125 1 0.3513216859375 1 0.012726615625000002