2 1 0.517821021875 0.6955322046875 0.3003270953125 0.681293890625 0.376701665625 0.6808508734375 0.4403642109375 0.6758503890625 0.4808507125 0.6883170875 0.5191368421875 0.721425525 0.5726216640625 0.75297384375 0.645794521875 0.76011993125 0.70598954375 0.771775846875 0.77467973125 0.7760675046875 0.8360533 0.7837314078125 0.8756542218750001 0.8379584343750001 0.95115701875 0.8572649015625 0.9752596062500001 1 0.96368365625 1 0.517821021875
10 0.5420880390625 0.31790958593749996 0.5442336421875 0.418591109375 0.554084109375 0.53146016875 0.6190814734375001 0.6629887671875 0.6206415921875 0.643300728125 0.6063832515625001 0.5933925171875 0.6081682171875 0.5629203375 0.612446525 0.540105384375 0.6202128359375 0.5111728421875 0.5823016 0.4590028140625 0.558260459375 0.43718920156249996 0.5536553515625 0.3993322828125 0.549316053125 0.3232778375 0.5420880390625 0.31790958593749996
6 0.542585371875 0.311022178125 0.55196611875 0.3191767375 0.5533423562500001 0.28285945625000003 0.553921615625 0.22114527968750003 0.5724925515625 0.1787308921875 0.56134731875 0.1873418203125 0.549977240625 0.2067368890625 0.5463325109375 0.224612803125 0.541672634375 0.269970221875 0.542585371875 0.311022178125
6 0.5350439078125 0.3291705796875 0.5263034125 0.358171240625 0.529416521875 0.41669038125 0.5528650515625 0.41602964687500005 0.5511348546875 0.3632874890625 0.54127725625 0.34831364374999996 0.5350439078125 0.3291705796875
7 0.1957902546875 0.139483021875 0.22687552812499998 0.1500356421875 0.24194465156249997 0.169539796875 0.24602526875000003 0.185896553125 0.248068915625 0.2151220640625 0.2356360515625 0.24731776249999998 0.21257576875 0.267530290625 0.21325698593750003 0.277272128125 0.3320187859375 0.28169380624999996 0.45033089375 0.30768376875 0.521950309375 0.33791775 0.53121529375 0.3304172484375 0.52679406875 0.3091895734375 0.4863690125 0.263069009375 0.44501741250000004 0.23169744531249997 0.3976844671875 0.198786240625 0.336147496875 0.1727419640625 0.1957902546875 0.139483021875
3 0.46976602031250003 0.5716194156250001 0.487355640625 0.6271683640625 0.4901486234375 0.66710989375 0.4901076609375 0.6945232781249999 0.5349134328125 0.649295425 0.5480275125 0.6268415625 0.5594385546875 0.5800331078125 0.562470190625 0.5533895421875 0.5436953453125 0.45289190156250003 0.5415835765625 0.4226922078125 0.5337901078125 0.42323718125000004 0.487145053125 0.442162075 0.460099434375 0.47537959843750005 0.4458339640625 0.5233666015625 0.46976602031250003 0.5716194156250001
2 0 0.5034607828125 0.0331874671875 0.9780636734374999 0.2163006109375 0.7547855140624999 0.2242712875 0.7287755234375 0.2225820546875 0.6486199781249999 0.21291547031250002 0.5523801625 0.173689896875 0.35541785937500003 0 0.449053828125 0 0.5034607828125
14 0.48345890625 0.6274408499999999 0.469207240625 0.6196269 0.452884771875 0.5541998703125001 0.41744639375 0.523393759375 0.36966375625 0.5120508390625 0.340261040625 0.539559503125 0.3107697203125 0.579800678125 0.2811421578125 0.6180934828125 0.27328724375 0.659758534375 0.2730690734375 0.7126369359375 0.2779261859375 0.7680972828125 0.30276430312499997 0.8153077906249999 0.33784159062499997 0.8549496765625 0.3861692015625 0.874086065625 0.42796381875 0.8417950859375001 0.46259854218749996 0.8051100390625001 0.4785194125 0.7667967515624999 0.4865310515625 0.7133733765625 0.493296021875 0.6561213875 0.48345890625 0.6274408499999999
14 0.7440766234375 0.6865535109375001 0.7458887484375001 0.6844688999999999 0.7251722109375 0.6262017640625 0.702398221875 0.5945100734375 0.670223003125 0.5683705156250001 0.6475919328125 0.580721453125 0.6261394109375 0.5959268203125 0.6171264296875 0.6210307484375 0.6109950359375 0.6733436968750001 0.6160565124999999 0.73172659375 0.6211384718749999 0.7764027984374999 0.6326581453125 0.84314461875 0.655432134375 0.8748363093749999 0.686115353125 0.9216380890625 0.7078403625 0.9103294562500001 0.731895309375 0.8763421140625001 0.74086065 0.836557309375 0.7453571265625001 0.760863953125 0.7464337203125 0.69226236875 0.7440766234375 0.6865535109375001
12 0.1121667328125 0.273572628125 0.12427234218750001 0.32069453281250004 0.13431382187500002 0.3522976203125 0.16367557500000002 0.352202340625 0.21072935781250002 0.3391225484375 0.215232509375 0.305523453125 0.219667540625 0.27095017499999996 0.1808569203125 0.26191671250000004 0.1121667328125 0.273572628125
15 0.9046963031249999 0.057606226562499994 0.8585690640625 0.055937021875000006 0.816706325 0.0872538171875 0.767458846875 0.1249606875 0.712509184375 0.207118915625 0.6938768046875 0.2906533796875 0.9979507609375 0.5092325140625 0.9664786015625 0.0591596703125 0.9046963031249999 0.057606226562499994
15 0 0.4313801609375 0.093220903125 0.38062374375 0.1006466046875 0.346820284375 0.0840788078125 0.3058840890625 0.06696603749999999 0.257154425 0.055998012500000006 0.240300334375 0 0.18529174531249998 0 0.4313801609375
5 0 0.0714095015625 0.03268618125 0.10291995937500001 0.10745966874999999 0.1642596953125 0.164377725 0.20824800781250002 0.20246616718750002 0.2349530203125 0.21166303125 0.226478334375 0.19867851718750001 0.20878630468749998 0.18715246562500001 0.179033259375 0.18140902187500002 0.171814965625 0.18147714375 0.17278915 0.1712722859375 0.1648199078125 0.1721516078125 0.155624415625 0.16939869375 0.1540548140625 0.0150489203125 0.032690134375 0 0.0337424578125 0 0.0714095015625
9 0.23401312343749997 0.7280943078125001 0.25449813906249996 0.7550513234375 0.24690948750000002 0.6185293703125 0.26545326406249997 0.547727415625 0.30320822812500003 0.4716662921875 0.3411061109375 0.43964780000000003 0.374500840625 0.4412284015625 0.393875428125 0.46630517187500004 0.423468703125 0.4975200125 0.442162075 0.512854946875 0.45726548749999996 0.46285145468750005 0.5020507765625 0.43133029375 0.536596896875 0.40737775625 0.534562209375 0.40711674843749995 0.521657340625 0.3477277078125 0.5164458140625 0.343197396875 0.44543949375 0.32173106875 0.39301078437500003 0.29994461562499997 0.306805771875 0.2991200265625 0.27078145937500003 0.28793383125 0.2366850328125 0.2903180875 0.207459521875 0.2923617328125 0.20358994687499998 0.3210217875 0.1926285984375 0.346261959375 0.18273003593749998 0.3587015 0.19935215 0.4564128328125 0.2116211609375 0.5338706734375 0.2172957296875 0.6010212234375001 0.225756609375 0.666019040625 0.23401312343749997 0.7280943078125001
9 0.6288442453124999 0.5086113812499999 0.6449285171875 0.5006340296875 0.6773967015625 0.5169636296875 0.6760547531250001 0.4837732640625 0.68332625625 0.325222409375 0.681835903125 0.3133915609375 0.6830245406250001 0.28945435 0.6830926625 0.2904285328125 0.6837943609375 0.286463678125 0.75151081875 0.13488640624999998 0.8382202921875 0.0309283734375 0.8123465453125001 0.0249060640625 0.706739334375 0.11060661249999999 0.6502228765625 0.1703586171875 0.5675330296875 0.191804009375 0.55598574375 0.236664096875 0.5573343703125 0.3119487234375 0.55299461875 0.3758837546875 0.5761840125 0.4555148078125 0.6288442453124999 0.5086113812499999
1 0.843116059375 0 0.7799055171875 0.0369640328125 0.7022771453125001 0.116792321875 0.6529615453125001 0.153525009375 0.5837740250000001 0.17206833125 0.5549367640625 0.19366377343750002 0.5341240390625 0.3860138375 0.5517270125 0.525751309375 0.5680018421875 0.5764974625 0.6051432578125 0.631658165625 0.6149256046875 0.7435530406249999 0.6210293859375 0.8028420000000001 0.6419298062500001 0.877738378125 0.6709576265625 0.9148664421875001 0.71946244375 0.9085378140625 0.769438778125 0.8952536562500001 0.8534362874999999 0.9765062765625 1 0.9621811499999999 1 0.57173705625 0.956595590625 0 0.843116059375 0
1 0 0.51746038125 0.0310552171875 0.9615706734374999 0.18945935625000002 0.7909255875000001 0.24269885000000002 0.782307984375 0.3145974265625 0.8585329609375 0.3725306296875 0.8750397671875 0.4504586453125 0.82749578125 0.496007078125 0.7508896859374999 0.49522390781250003 0.6696918375 0.5312210625 0.6524904625 0.550854784375 0.5972754453125 0.556672728125 0.568479146875 0.541624540625 0.3952788234375 0.53914500625 0.33182064375000003 0.5171613171875 0.2834315875 0.41243346562500005 0.199712784375 0.2746786484375 0.14767186875 0.197874865625 0.141295146875 0.17370415781249998 0.15962742968750002 0.004401021875 0.0344136546875 0 0.0346082078125 0 0.51746038125