2 1 0.5089304453125 0.69201765 0.2969449984375 0.6791144265625 0.37355643125000004 0.679782540625 0.43721701093750004 0.6754894046875 0.4777846171875 0.6886223890625 0.5158473421875 0.7226592234375 0.5687461953125 0.7554797796875 0.6413573140625 0.7636753265625 0.7014184515624999 0.7765282765625 0.769894753125 0.781890396875 0.8311840765625 0.7902442640625 0.8706452125 0.8457807390625 0.94519011875 0.8655049125 0.968952090625 1 0.9556780015624999 1 0.5089304453125
10 0.5518902859375 0.3984112 0.5462243171875001 0.32244406875 0.5389037125 0.31720278281250003 0.5428061234375 0.417831525 0.5509650671874999 0.488679084375 0.554624928125 0.5305114796875 0.5842230953125 0.5887001281249999 0.6219078828125 0.6608856828125 0.6231241609375 0.6411734171875 0.6079969734375 0.5915216484375 0.6092498546875 0.561022959375 0.6131293343750001 0.5381368140625 0.6203895187499999 0.5090731374999999 0.5815735671875 0.45757269687499996 0.5571553875 0.43618198281250004 0.5518902859375 0.3984112
6 0.5392807687500001 0.31030774375000003 0.5488024031250001 0.3182973453125 0.54954460625 0.2819615765625 0.5490467171875 0.22024668906249997 0.566874590625 0.177514653125 0.5558813375 0.18631878125 0.5448514828125 0.20590933125 0.541519284375 0.22384613125000002 0.5376517140625 0.2692779703125 0.5392807687500001 0.31030774375000003
6 0.5320571859375 0.328584996875 0.523824153125 0.35773378437500003 0.5279580875 0.41618968125 0.5513915140625001 0.4151198140625 0.548741103125 0.362415884375 0.538623678125 0.347616359375 0.5320571859375 0.328584996875
7 0.1895446984375 0.1448471234375 0.22080940624999998 0.154855621875 0.236216628125 0.1740938140625 0.24058209062499997 0.1903768640625 0.2431354796875 0.2195622546875 0.23126640156249997 0.251970034375 0.2085623890625 0.2725819421875 0.2094135203125 0.28231040625000003 0.328234403125 0.2846587328125 0.446982078125 0.3085799046875 0.519118240625 0.33755935 0.5282509125 0.3298982953125 0.5234598859374999 0.3087510140625 0.48223607343749997 0.2633429890625 0.4403432609375 0.2326978875 0.3924431453125 0.2006177703125 0.3304610109375 0.1756514265625 0.1895446984375 0.1448471234375
3 0.47102055624999994 0.5721361625 0.489576959375 0.6273696703125 0.49306659531249997 0.667256371875 0.493504065625 0.694666296875 0.5375136796875 0.6486633640624999 0.5502338890625 0.6259840484375 0.560826271875 0.578983571875 0.5633924515625 0.5522911546875 0.5428665406250001 0.45213648749999996 0.5402280359375 0.4219782484375 0.5324452640625 0.422659153125 0.4861376 0.442395234375 0.45967582656249995 0.476079709375 0.4462500171875 0.5243083703125 0.47102055624999994 0.5721361625
2 0 0.510625678125 0.041601925 0.9861378625 0.220790440625 0.7596979453125 0.228305965625 0.733552809375 0.22521808281250003 0.6534389546875 0.21387335312500003 0.5573825015625 0.171216290625 0.361134778125 0 0.45733102499999995 0 0.510625678125
15 1 0.4805512875 0.9585070015625 0.05992636875 0.9444249828125001 0.0670401421875 0.9153613078125 0.05977995625 0.8730182359375 0.0576027375 0.8268688890625 0.056738818749999996 0.8128838921874999 0.08737113125 0.7629520875 0.132911896875 0.7303127828125 0.163215665625 0.7142118671875 0.1920725109375 0.7014184515624999 0.23632467343750002 0.693452665625 0.29093769375 1 0.49798304531250004 1 0.4805512875
15 0.29095974375 0.508485725 0.3208873375 0.469596565625 0.371974121875 0.44846207343750005 0.3974017515625 0.45898125 0.4354516859375 0.501726075 0.43798126406250004 0.48582007968749996 0.4736974265625 0.43466097187499997 0.5015576125 0.40575561718750003 0.5170746453125 0.3926345390625 0.5126487671875 0.3420465265625 0.502038725 0.34411064062499996 0.46865194375 0.33217165 0.3840024015625 0.317030790625 0.3081569875 0.312883184375 0.23434237812499997 0.309538196875 0.21112768750000002 0.3243130265625 0.1881317328125 0.3527928171875 0.1742318484375 0.384397978125 0.1978227125 0.4411516125 0.2295103375 0.69129485 0.22912049375 0.754067696875 0.2478599125 0.7553690875 0.25730922500000003 0.7065080328125 0.250293353125 0.637521053125 0.2756733546875 0.5578574578125 0.29095974375 0.508485725
9 0.2475194609375 0.7514777015624999 0.24721561250000001 0.73679989375 0.2492226046875 0.692511128125 0.25654408906250004 0.6193289125 0.266881134375 0.5694098984375 0.2822526359375 0.5210110109375 0.3015640328125 0.48403094218750004 0.33082263125 0.45990470468750005 0.369943315625 0.447659453125 0.406765065625 0.48757085 0.4412036515625 0.5002425500000001 0.4431374375 0.47752663125000006 0.4736123140625 0.4336881265625 0.5148004078125 0.41145907187499997 0.51782875625 0.3788444625 0.49675468125 0.3620626421875 0.5093866 0.3656937390625 0.49911403125 0.34421095468749996 0.4866738578125 0.33647669375 0.45878985781250003 0.320290665625 0.387504825 0.30103968281250004 0.290804071875 0.29381521875 0.21864321250000002 0.298167890625 0.20817254531249998 0.3353547890625 0.1727364171875 0.35610031875 0.20840230625 0.450028946875 0.21506581875 0.49257884687500003 0.22231233281249999 0.5978164828125 0.226883740625 0.6836823046875 0.2360155296875 0.7544447515625 0.2475194609375 0.7514777015624999
10 0.1963290453125 0.25600695 0.16583035468750001 0.25475406875 0.1162636984375 0.27085410312499997 0.10570791875 0.3070681546875 0.12138238750000001 0.35177057968750003 0.16469830624999998 0.3538626828125 0.1861375296875 0.341203775 0.205460834375 0.326769396875 0.21022804687500002 0.30282529375 0.1963290453125 0.25600695
15 0 0.44052183906250003 0.03500500625 0.4289284109375 0.0747946890625 0.4019202359375 0.11357492031250001 0.3857836 0.1245681734375 0.376979471875 0.10657095624999999 0.3393423125 0.082992 0.30513436875 0.0660527421875 0.26838494218750003 0.02791769375 0.22466727187500002 0 0.20341994218749998 0 0.44052183906250003
9 0.6711724546875 0.4732608375 0.671465278125 0.3869694515625 0.6900234484375 0.2853559546875 0.6993391359375 0.2237627828125 0.723758196875 0.1667299953125 0.7554493531250001 0.1031792234375 0.79324483125 0.06458200625 0.8377285203125 0.035202575 0.83027429375 0.017229173437500002 0.80387381875 0.0067951078124999995 0.763828796875 0.0308847421875 0.7190165640624999 0.07891848125 0.6799077859375 0.11370942656250001 0.649858475 0.16241216249999998 0.62080670625 0.17769766874999998 0.5947585906249999 0.19370068437500002 0.5712766546875 0.1830112796875 0.5616818140625 0.1965945265625 0.547538496875 0.24782684062500002 0.5490211390625 0.33200230625 0.5540062046875 0.40018666718749996 0.5786916296875 0.44704161249999996 0.624949903125 0.4939697640625 0.6713179828125 0.508538646875 0.6711724546875 0.4732608375
14 0.7567921953125001 0.7235870890625 0.742552740625 0.6728773609375 0.739488671875 0.6378548921875 0.7124319890625 0.5863059390625 0.6885244875 0.5707523046875 0.665468115625 0.5649271328125 0.6489297281249999 0.5663740546875 0.6305426656249999 0.5915097406250001 0.6055763234375 0.653491875 0.6253856109375 0.67822669375 0.6227462234375001 0.7264919578125 0.6305894125 0.760116015625 0.6350518921874999 0.7999176046875001 0.649498175 0.8417866015625 0.6583993234375 0.87629839375 0.6901866156249999 0.9146896640625 0.7298664890625 0.9200407593750001 0.758565896875 0.8783181750000001 0.763236090625 0.8308555296875 0.758372740625 0.75285759375 0.7567921953125001 0.7235870890625
14 0.4787155671875 0.80575291875 0.4969690046875 0.7678851156250001 0.49957178750000003 0.730406275 0.49611875625 0.67973315 0.48865262343750004 0.639214053125 0.4722972515625 0.5867288578125 0.44745350625 0.5604739125 0.42172202812500004 0.5352769265624999 0.40081817812500004 0.5204407984375 0.3698088109375 0.5133508390625 0.33145414375 0.5343517078125 0.31129161562499996 0.5616033140625001 0.2845378984375 0.6031556734375 0.282567509375 0.636658015625 0.273957421875 0.6727018421875 0.2781279609375 0.7203713140625 0.29265935781249997 0.7632131578125 0.3095620109375 0.8107490078125 0.33331119375 0.84690264375 0.35117478750000003 0.8718076874999999 0.39863743125 0.8764778796874999 0.43809856875 0.8681240140625001 0.46075407031250004 0.8357528375 0.4787155671875 0.80575291875
1 0.814448203125 0 0.7322108484375 0.0728626671875 0.6461373171875 0.16469830624999998 0.6194815015625 0.1513457046875 0.57638431875 0.1629585609375 0.5370687125 0.20659023593749998 0.5356557468750001 0.41453593125 0.5557799078125 0.5549177515625 0.6046766828125001 0.6320041421875 0.62094694375 0.683516490625 0.6340790453125 0.8000027171875 0.65950579375 0.8889453968750001 0.7008513234375 0.9245398437500001 0.7502477515625 0.906494115625 0.776879753125 0.8747553343750001 0.871427103125 0.9694142578125 1 0.95296510625 1 0.53439684375 0.9468859359374999 0 0.814448203125 0
1 0 0.4886844359375 0.0427330921875 0.9654527500000001 0.1986456171875 0.7979062 0.2537940125 0.77837695 0.28560599999999997 0.783436103125 0.33975597031250004 0.8757475828124999 0.39952516562499996 0.8754199203124999 0.4548437859375 0.8578363609374999 0.5018698406250001 0.7566731265625 0.48761847812500003 0.6834177046875001 0.5491878359375 0.6476420078125 0.5670038015625 0.5823642796875 0.526548653125 0.31044136718750004 0.48570189375000006 0.25813830625 0.4123256390625 0.203779740625 0.30680885 0.16301633124999998 0.188024571875 0.14988158125 0.152162878125 0.1657628796875 0.0001571734375 0.0418206625 0 0.041853935937499996 0 0.4886844359375