10 0.0659237 0.577696375 0.0369606921875 0.5318042125 0.0196101625 0.5666106296875 0.0260918328125 0.6123106984375 0.06633578749999999 0.67344344375 0.0929502765625 0.7360293 0.15826265625 0.78749221875 0.27127351875 0.8617184124999999 0.323954084375 0.887239184375 0.37503592812500003 0.9509249359374999 0.436091225 0.9644273625 0.5094808875 0.9393899109375001 0.5077644125 0.8622543890625 0.55140719375 0.7688775203125 0.48657195625 0.7310781484375 0.36946513125 0.6794696171875 0.3320158625 0.6983662140625 0.24602846875 0.6984374859375 0.23762894375000002 0.653781546875 0.1537298109375 0.657688528125 0.1007425109375 0.6233840484375001 0.0659237 0.577696375
6 0.41980953593750003 0.44221653125 0.3747787 0.4398804125 0.29351313437500004 0.46323858125 0.2248112171875 0.5105869625 0.21062715937499998 0.5521229062499999 0.2040463546875 0.5875303921875 0.209858790625 0.6420482515625 0.23762894375000002 0.653781546875 0.289389309375 0.65295119375 0.322423484375 0.6195514078125 0.362106628125 0.5526960734374999 0.41980953593750003 0.44221653125
2 0.9108854296875 0.26188243906249997 0.7130149734375 0.30396990625 0.43146227187499997 0.3841573015625 0.4145207203125 0.430675328125 0.42614248281249995 0.45567558906250005 0.383326946875 0.5167773625 0.33083229531249997 0.60850903125 0.44124367343750004 0.664260003125 0.507792275 0.6951594390625 0.5134095109375 0.6881231765625 0.5193551640625 0.6625094484375 0.5335392203125 0.620973503125 0.5764012359375 0.5891848390625001 0.6064176609375 0.5812965375 0.6364247984375 0.629106553125 0.64777701875 0.7303345328125 0.745609240625 0.64972269375 0.9175096453125 0.4795572953125 0.9168280140625 0.46003794375 0.9211718359375001 0.3885537375 0.9252306078125001 0.2809246484375 0.9108854296875 0.26188243906249997
15 0.5108967234375 0.25239856562499996 0.4735280140625 0.3015842390625 0.4331756359375 0.377257365625 0.699748009375 0.2878215171875 0.6402883265625 0.15211865 0.6189533640625 0.1567723140625 0.5676825390625 0.1996033578125 0.5108967234375 0.25239856562499996
15 0.8928408718749999 0.248832359375 0.8880508812500001 0.22359352656249998 0.8364361296875 0.1726294359375 0.7993369640625 0.1455873921875 0.7478709359375 0.12686431250000002 0.7011267359375 0.131428128125 0.6730281640625 0.1382723 0.663541140625 0.14642085625 0.7181550671875 0.28327009687500004 0.8928408718749999 0.248832359375
11 0.3724673328125 0.233780840625 0.12176758750000001 0.2181065234375 0.121937996875 0.2229863625 0.055792193749999996 0.3435323125 0.051095160937499995 0.3769197015625 0.091599371875 0.41752304531249995 0.1458910578125 0.43321597812499996 0.2085233921875 0.4359145984375 0.268453996875 0.4172100921875 0.312121571875 0.380507509375 0.35408506875 0.29500654375 0.3724673328125 0.233780840625
14 0.5181282703125001 0.93517930625 0.4896331171875 0.9586490078125 0.5271970265625 0.97101745625 0.5738265859375 0.9351885953125001 0.6216458890625 0.8494831406250001 0.645134165625 0.766581659375 0.6424076421875 0.6885042515625 0.6225908437500001 0.6247038578125 0.5969987999999999 0.5913970296875 0.555509334375 0.6065260828125 0.5197176625 0.64490795 0.5093135484375 0.710740840625 0.561938346875 0.7626468171874999 0.53258186875 0.8174156453125001 0.519816840625 0.8716050875000001 0.5181282703125001 0.93517930625
14 0.9357183921875001 0.3294162953125 0.9334845171874999 0.37737503437500003 0.92657529375 0.43135998593749997 0.936155275 0.48183764843750004 0.9599193125 0.49077936875 0.9621996656249999 0.4721337390625 0.9761110703125 0.42279005312500006 0.982282896875 0.37567095625 0.9745526078125 0.32219722812499996 0.9519008640625 0.31712529843750004 0.9357183921875001 0.3294162953125
12 0.90886533125 0.259998665625 0.937032065625 0.25510643125 0.944430828125 0.2431221671875 0.9420699140625001 0.23147871874999998 0.932877228125 0.2200738421875 0.911065125 0.21106395937500003 0.8816156890625001 0.2072065671875 0.8905357234375 0.21080370468749998 0.894758725 0.24778822812499998 0.90886533125 0.259998665625
0 0.054875103125000005 0.401216646875 0.03840758125 0.3773627609375 0.0209888890625 0.41021724062500003 0.02663091875 0.4598552625 0.035541665625 0.519150715625 0.062927634375 0.575846684375 0.1099011171875 0.63381295625 0.15491026875 0.6635102515625 0.2151476078125 0.6535894546875001 0.20465982187499998 0.6050978078125 0.2199995421875 0.5127093046875 0.3077777515625 0.451991715625 0.41553076874999995 0.43161721406250003 0.430281815625 0.3783355765625 0.3556776140625 0.39657533749999996 0.287564371875 0.40481685 0.2474598515625 0.4316234328125 0.19900228749999999 0.4430871859375 0.1484223796875 0.4497392640625 0.084200609375 0.42950730937500003 0.054875103125000005 0.401216646875
1 0.035612937500000004 0.605138109375 0.050844234375 0.649555478125 0.0821681546875 0.7070910875 0.136676728125 0.7569769671875 0.198209165625 0.784142940625 0.21376888125 0.8099828421874999 0.22484533906249998 0.8193676218749999 0.2659165390625 0.8482252750000001 0.290758790625 0.8600608140625001 0.3088715109375 0.8750628296875 0.3261786734375 0.8949787625000001 0.34493894375 0.9285241609374999 0.36008968124999996 0.9426524515624999 0.3811303046875 0.9575522203125001 0.400922309375 0.96467833125 0.48401588125000006 0.9656852703125001 0.50771175625 0.9726750546874999 0.5232931578125 0.9711537828125 0.5483274984375 0.9605079859375 0.5766863265625 0.9331344156249999 0.600766384375 0.895161525 0.6215095625 0.8455792687500001 0.64116213125 0.7647660515625 0.6501720140625 0.7429539484375 0.694542903125 0.6984095406249999 0.74120654375 0.6635566468749999 0.785747840625 0.623892078125 0.8886860734375001 0.5216044625 0.9149566390625001 0.4903951828125 0.9274614140624999 0.45673514375 0.942835215625 0.3653226078125 0.9620571218749999 0.3001589515625 0.9614095718750001 0.28161556718749997 0.9471666390625 0.265501259375 0.9485051062500001 0.24786567812500002 0.9369855875 0.22579332187499998 0.921971175 0.2155689 0.8883452171874999 0.20404009374999998 0.8186518265625 0.13904995625 0.7806789375000001 0.114969896875 0.7569149000000001 0.10602817812500001 0.720531446875 0.099481453125 0.5826132796875 0.0955032421875 0.5183698265625 0.1026324625 0.40671293750000004 0.1231432875 0.2983247671875 0.1533115453125 0.2675027828125 0.16611376718749998 0.25286326875 0.1666249890625 0.2355685046875 0.1750461984375 0.1400600046875 0.182290059375 0.12458085 0.186739234375 0.108364296875 0.19805426406249999 0.0981739578125 0.21404464218750002 0.0996270671875 0.22767410781250003 0.1118499015625 0.24190464375 0.0954753390625 0.276676978125 0.05945749375 0.3365642140625 0.0088342171875 0.397938640625 0.0127969640625 0.4554525671875 0.031582028125 0.5456722484375 0.0307207015625 0.5769713750000001 0.035612937500000004 0.605138109375