7 0.287109375 0.25390625 0.2109375 0.2685546875 0.166015625 0.28125 0.1162109375 0.3291015625 0.07421875 0.376953125 0.0751953125 0.408203125 0.0908203125 0.43359375 0.1337890625 0.4638671875 0.1806640625 0.490234375 0.248046875 0.498046875 0.341796875 0.4970703125 0.4111328125 0.4267578125 0.4638671875 0.3818359375 0.4765625 0.37890625 0.5380859375 0.375 0.5654296875 0.375 0.5107421875 0.3408203125 0.4267578125 0.296875 0.3583984375 0.2841796875 0.3193359375 0.2685546875 0.287109375 0.25390625
2 0.9326171875 0.2314453125 0.9208984375 0.2216796875 0.763671875 0.3095703125 0.771484375 0.326171875 0.767578125 0.3447265625 0.74609375 0.3525390625 0.7080078125 0.3583984375 0.6865234375 0.3564453125 0.6865234375 0.3642578125 0.66796875 0.376953125 0.6596518265625 0.3788013296875 0.662109375 0.4443359375 0.658203125 0.5322265625 0.6513671875 0.6298828125 0.8876953125 0.4560546875 0.9375 0.3271484375 0.9326171875 0.2314453125
6 0.2314453125 0.5390625 0.17578125 0.6005859375 0.1982421875 0.6337890625 0.28515625 0.6552734375 0.3720703125 0.63671875 0.3779296875 0.625 0.4072265625 0.55078125 0.3583984375 0.57421875 0.3076171875 0.568359375 0.255859375 0.5498046875 0.2314453125 0.5390625
3 0.470703125 0.7041015625 0.486328125 0.6396484375 0.494140625 0.6220703125 0.505859375 0.580078125 0.4169921875 0.623046875 0.310546875 0.669921875 0.205078125 0.6591796875 0.1123046875 0.607421875 0.060546875 0.533203125 0.052734375 0.4765625 0.0751953125 0.419921875 0.0380859375 0.470703125 0.029296875 0.53515625 0.0400390625 0.60546875 0.041015625 0.6357421875 0.052734375 0.6669921875 0.0888671875 0.7255859375 0.1337890625 0.7705078125 0.2021484375 0.80859375 0.2880859375 0.83203125 0.3779296875 0.8310546875 0.4560546875 0.7900390625 0.466796875 0.7724609375 0.470703125 0.7041015625
5 0.369140625 0.1640625 0.3515625 0.1796875 0.3330078125 0.19921875 0.316899240625 0.218907003125 0.3154296875 0.24609375 0.3154296875 0.2478263609375 0.3303506546875 0.2545648625 0.3388671875 0.2568359375 0.337890625 0.2568359375 0.335267025 0.256617303125 0.3642578125 0.2685546875 0.39453125 0.283203125 0.4306640625 0.2900390625 0.45703125 0.302734375 0.4814453125 0.30859375 0.5146484375 0.3408203125 0.5498046875 0.3359375 0.5849609375 0.3349609375 0.6123046875 0.3017578125 0.640625 0.2529296875 0.66015625 0.2001953125 0.6943359375 0.1533203125 0.662109375 0.12109375 0.6025390625 0.1044921875 0.5654296875 0.1025390625 0.53515625 0.1005859375 0.5078125 0.09375 0.482421875 0.0927734375 0.4560546875 0.099609375 0.4326171875 0.1162109375 0.41015625 0.1318359375 0.390625 0.1513671875 0.369140625 0.1640625
14 0.486328125 0.7314453125 0.4814453125 0.7734375 0.4990234375 0.818359375 0.5341796875 0.826171875 0.5556640625 0.8046875 0.583984375 0.7734375 0.595703125 0.748046875 0.603515625 0.7158203125 0.6171875 0.65625 0.6240234375 0.62109375 0.6123046875 0.58984375 0.5986328125 0.5546875 0.5693359375 0.5478515625 0.53515625 0.5634765625 0.50390625 0.5947265625 0.494140625 0.625 0.4892578125 0.677734375 0.486328125 0.7314453125
14 0.9150390625 0.39453125 0.904296875 0.42578125 0.908203125 0.4677734375 0.9111328125 0.4951171875 0.9404296875 0.470703125 0.94140625 0.439453125 0.9521484375 0.41015625 0.95703125 0.369140625 0.94140625 0.3427734375 0.9296875 0.3583984375 0.9150390625 0.39453125
15 0.703125 0.2998046875 0.736328125 0.2958984375 0.7646484375 0.3056640625 0.794921875 0.2783203125 0.8330078125 0.259765625 0.8828125 0.2392578125 0.9375 0.220703125 0.9423828125 0.1953125 0.9306640625 0.154296875 0.9140625 0.1298828125 0.873046875 0.1064453125 0.8369140625 0.11328125 0.7998046875 0.119140625 0.76171875 0.1416015625 0.736328125 0.1611328125 0.708984375 0.205078125 0.689453125 0.2568359375 0.673828125 0.314453125 0.703125 0.2998046875
9 0.4619140625 0.4638671875 0.396484375 0.51953125 0.36328125 0.5546875 0.41796875 0.55078125 0.408203125 0.5703125 0.380859375 0.640625 0.4072265625 0.6240234375 0.44921875 0.6181640625 0.4990234375 0.607421875 0.525390625 0.5625 0.5693359375 0.5283203125 0.6220703125 0.51953125 0.6376953125 0.5361328125 0.6455078125 0.595703125 0.6484375 0.5625 0.646484375 0.525390625 0.642578125 0.4560546875 0.640625 0.376953125 0.6015625 0.37109375 0.580078125 0.3818359375 0.55078125 0.408203125 0.4619140625 0.4638671875
12 0.7626953125 0.3447265625 0.7734375 0.3359375 0.775390625 0.314453125 0.748046875 0.3046875 0.7216796875 0.2998046875 0.6982421875 0.3017578125 0.6826171875 0.3076171875 0.6708984375 0.318359375 0.6630859375 0.3544921875 0.6689453125 0.3662109375 0.6904296875 0.365234375 0.7177734375 0.3564453125 0.7431640625 0.35546875 0.7626953125 0.3447265625
1 0.0693359375 0.3876953125 0.0703125 0.421875 0.0361328125 0.466796875 0.0166015625 0.5400390625 0.017578125 0.556640625 0.029296875 0.56640625 0.0341796875 0.5810546875 0.0390625 0.6357421875 0.05078125 0.6708984375 0.076171875 0.7099609375 0.1533203125 0.779296875 0.1982421875 0.8125 0.2529296875 0.830078125 0.2939453125 0.833984375 0.3466796875 0.822265625 0.37890625 0.8232421875 0.447265625 0.802734375 0.4912109375 0.8271484375 0.521484375 0.826171875 0.546875 0.8115234375 0.572265625 0.78125 0.6103515625 0.6962890625 0.6162109375 0.671875 0.638671875 0.6357421875 0.69921875 0.6064453125 0.73828125 0.5791015625 0.7734375 0.5615234375 0.8564453125 0.498046875 0.869140625 0.498046875 0.88671875 0.509765625 0.9091796875 0.5126953125 0.91796875 0.5087890625 0.9296875 0.49609375 0.94140625 0.470703125 0.9560546875 0.416015625 0.966796875 0.390625 0.9873046875 0.3037109375 0.9892578125 0.2333984375 0.9794921875 0.2001953125 0.9560546875 0.17578125 0.9296875 0.1357421875 0.888671875 0.0986328125 0.8544921875 0.0859375 0.802734375 0.0732421875 0.6875 0.05078125 0.6689453125 0.0380859375 0.671875 0.0322265625 0.669921875 0.0126953125 0.6552734375 0.00390625 0.6494140625 0.0068359375 0.5810546875 0.0068359375 0.5693359375 0.0126953125 0.5634765625 0.025390625 0.568359375 0.0390625 0.556640625 0.0439453125 0.5478515625 0.0546875 0.5263671875 0.068359375 0.474609375 0.083984375 0.41015625 0.1259765625 0.3603515625 0.1748046875 0.318359375 0.2236328125 0.2939453125 0.2451171875 0.265625 0.2568359375 0.2265625 0.2626953125 0.1640625 0.28125 0.1103515625 0.3291015625 0.0732421875 0.3740234375 0.0693359375 0.3876953125