6 0.1044921875 0.5400390625 0.11328125 0.603515625 0.166015625 0.603515625 0.1865234375 0.6220703125 0.2392578125 0.6181640625 0.296875 0.599609375 0.35546875 0.5048828125 0.35546875 0.48046875 0.126953125 0.533203125 0.1044921875 0.5400390625
3 0.0498046875 0.6064453125 0.0029296875 0.5537109375 0.0048828125 0.7265625 0.0400390625 0.783203125 0.0556640625 0.8134765625 0.1494140625 0.8427734375 0.2841796875 0.8515625 0.326171875 0.833984375 0.330078125 0.8046875 0.330078125 0.7783203125 0.341796875 0.7314453125 0.3671875 0.666015625 0.2998046875 0.6025390625 0.1875 0.6318359375 0.1689453125 0.61328125 0.1123046875 0.60546875 0.10546875 0.5615234375 0.1005859375 0.546875 0.09375 0.5556640625 0.08984375 0.609375 0.0498046875 0.6064453125
2 0.9375 0.3623046875 0.91796875 0.3173828125 0.701171875 0.380859375 0.6328125 0.39453125 0.64453125 0.4130859375 0.6357421875 0.43359375 0.607421875 0.435546875 0.5966796875 0.4169921875 0.6328125 0.390625 0.591796875 0.4052734375 0.5625 0.4130859375 0.5625 0.498046875 0.57421875 0.7041015625 0.8984375 0.568359375 0.927734375 0.4228515625 0.9375 0.3623046875
7 0.015625 0.4970703125 0.033203125 0.4794921875 0.0361328125 0.4833984375 0.033203125 0.509765625 0.0927734375 0.5322265625 0.2724609375 0.4970703125 0.3662109375 0.47265625 0.44921875 0.439453125 0.4794921875 0.400390625 0.4189453125 0.39453125 0.3271484375 0.380859375 0.2587890625 0.3564453125 0.251953125 0.341796875 0.1015625 0.3857421875 0.0419921875 0.4345703125 0.017578125 0.4873046875 0.0146484375 0.4912109375 0.015625 0.4970703125
5 0.416015625 0.2236328125 0.3662109375 0.2607421875 0.330078125 0.2919921875 0.296875 0.3134765625 0.2578125 0.322265625 0.26171875 0.322265625 0.271484375 0.33984375 0.3046875 0.3447265625 0.33984375 0.3583984375 0.3662109375 0.373046875 0.416015625 0.373046875 0.46875 0.384765625 0.5029296875 0.37109375 0.5341796875 0.3447265625 0.5712890625 0.3056640625 0.591796875 0.2802734375 0.60546875 0.259765625 0.640625 0.220703125 0.6171875 0.2109375 0.56640625 0.212890625 0.529296875 0.19921875 0.498046875 0.201171875 0.4609375 0.2060546875 0.416015625 0.2236328125
15 0.796875 0.1982421875 0.7607421875 0.208984375 0.7177734375 0.20703125 0.662109375 0.2470703125 0.625 0.2880859375 0.5849609375 0.33203125 0.5693359375 0.373046875 0.5849609375 0.326171875 0.5595703125 0.3681640625 0.560546875 0.3701171875 0.55859375 0.4130859375 0.5888671875 0.404296875 0.6494140625 0.3935546875 0.6962890625 0.3779296875 0.744140625 0.369140625 0.787109375 0.357421875 0.826171875 0.34375 0.869140625 0.3271484375 0.9169921875 0.3232421875 0.93359375 0.3134765625 0.943359375 0.2978515625 0.9248046875 0.2587890625 0.9150390625 0.22265625 0.8828125 0.212890625 0.8359375 0.203125 0.796875 0.1982421875
14 0.3623046875 0.8154296875 0.376953125 0.8544921875 0.4130859375 0.8720703125 0.4375 0.8720703125 0.4755859375 0.8642578125 0.517578125 0.8271484375 0.5224609375 0.765625 0.53125 0.73046875 0.5263671875 0.685546875 0.5244140625 0.66015625 0.494140625 0.6201171875 0.455078125 0.6142578125 0.40625 0.6455078125 0.375 0.6884765625 0.3623046875 0.7236328125 0.359375 0.76953125 0.3623046875 0.8154296875
14 0.9951171875 0.49609375 0.9677734375 0.46484375 0.9443359375 0.4775390625 0.921875 0.5078125 0.912109375 0.546875 0.90625 0.58984375 0.908203125 0.59765625 0.91796875 0.6220703125 0.939453125 0.626953125 0.9541015625 0.6162109375 0.9755859375 0.591796875 0.9892578125 0.544921875 0.9951171875 0.49609375
9 0.943359375 0.3095703125 0.9296875 0.330078125 0.9345703125 0.337890625 0.943359375 0.3583984375 0.943359375 0.3818359375 0.9287109375 0.4248046875 0.9150390625 0.4931640625 0.9306640625 0.470703125 0.9404296875 0.4501953125 0.9599609375 0.4384765625 0.9755859375 0.4345703125 0.9873046875 0.4462890625 0.9892578125 0.458984375 0.99609375 0.509765625 0.9931640625 0.4736328125 0.9970703125 0.4404296875 1 0.388671875 0.98828125 0.35546875 0.9931640625 0.318359375 0.96875 0.2880859375 0.943359375 0.3095703125
9 0.361328125 0.4697265625 0.361328125 0.4677734375 0.3623046875 0.48046875 0.3623046875 0.4794921875 0.3642578125 0.494140625 0.3642578125 0.4931640625 0.365234375 0.4931640625 0.3662109375 0.4912109375 0.3662109375 0.4921875 0.3515625 0.5146484375 0.3515625 0.513671875 0.361328125 0.4775390625 0.302734375 0.5888671875 0.3388671875 0.6240234375 0.37109375 0.64453125 0.3994140625 0.603515625 0.43359375 0.5703125 0.4677734375 0.5537109375 0.51171875 0.55078125 0.5517578125 0.5478515625 0.5693359375 0.552734375 0.56640625 0.4970703125 0.568359375 0.439453125 0.564453125 0.3984375 0.5537109375 0.3740234375 0.521484375 0.3740234375 0.4892578125 0.3876953125 0.4736328125 0.408203125 0.4326171875 0.4443359375 0.3759765625 0.4599609375 0.357421875 0.46484375 0.361328125 0.4697265625
1 0 0.7353515625 0.048828125 0.8193359375 0.060546875 0.83203125 0.1181640625 0.8505859375 0.212890625 0.86328125 0.2607421875 0.8623046875 0.30078125 0.8544921875 0.322265625 0.8544921875 0.33203125 0.8583984375 0.3779296875 0.8974609375 0.396484375 0.904296875 0.421875 0.9052734375 0.45703125 0.890625 0.4833984375 0.8681640625 0.517578125 0.8232421875 0.5380859375 0.759765625 0.544921875 0.751953125 0.6474609375 0.703125 0.8486328125 0.6181640625 0.873046875 0.6171875 0.8828125 0.6318359375 0.9091796875 0.6494140625 0.9365234375 0.646484375 0.9521484375 0.634765625 0.9658203125 0.611328125 0.9755859375 0.583984375 0.986328125 0.53125 1 0.51171875 0.9970703125 0.328125 0.9853515625 0.3193359375 0.9560546875 0.279296875 0.92578125 0.2255859375 0.9140625 0.212890625 0.8876953125 0.19921875 0.845703125 0.1865234375 0.7626953125 0.1748046875 0.671875 0.1708984375 0.578125 0.1748046875 0.55078125 0.1826171875 0.4814453125 0.193359375 0.4384765625 0.20703125 0.365234375 0.251953125 0.265625 0.3310546875 0.244140625 0.3408203125 0.203125 0.349609375 0.12890625 0.375 0.0751953125 0.400390625 0.0390625 0.4296875 0.0078125 0.4736328125 0 0.4931640625 0 0.7353515625