7 0.6318359375 0.4326171875 0.7314453125 0.3232421875 0.7919921875 0.2509765625 0.744140625 0.2509765625 0.6083984375 0.2216796875 0.490234375 0.1904296875 0.421875 0.1669921875 0.39453125 0.1494140625 0.2763671875 0.19921875 0.2119140625 0.2373046875 0.1669921875 0.28515625 0.2109375 0.36328125 0.2626953125 0.427734375 0.2763671875 0.427734375 0.2890625 0.455078125 0.4072265625 0.5087890625 0.4609375 0.5029296875 0.5341796875 0.5087890625 0.5595703125 0.525390625 0.6318359375 0.4326171875
6 0.408203125 0.544921875 0.4013671875 0.56640625 0.4140625 0.6044921875 0.462890625 0.6318359375 0.5341796875 0.6513671875 0.5625 0.6328125 0.5732421875 0.5888671875 0.5595703125 0.5478515625 0.5009765625 0.5263671875 0.41796875 0.5263671875 0.408203125 0.544921875
6 0.177734375 0.353515625 0.1826171875 0.3916015625 0.208984375 0.4296875 0.21484375 0.37890625 0.18359375 0.326171875 0.177734375 0.353515625
3 0.7109375 0.5791015625 0.6748046875 0.5849609375 0.5341796875 0.662109375 0.408203125 0.60546875 0.2626953125 0.5126953125 0.2021484375 0.4296875 0.1650390625 0.361328125 0.1552734375 0.388671875 0.14453125 0.4306640625 0.1669921875 0.4970703125 0.193359375 0.552734375 0.259765625 0.6640625 0.3603515625 0.744140625 0.5185546875 0.8125 0.626953125 0.763671875 0.662109375 0.71875 0.705078125 0.6181640625 0.7109375 0.5791015625
2 0.8154296875 0.2470703125 0.8125 0.357421875 0.7880859375 0.5341796875 0.8916015625 0.3583984375 0.9140625 0.3046875 0.927734375 0.255859375 0.8798828125 0.2568359375 0.85546875 0.25 0.8427734375 0.2685546875 0.8359375 0.271484375 0.830078125 0.240234375 0.822265625 0.244140625 0.8154296875 0.2470703125
12 0.8623046875 0.2314453125 0.8759765625 0.2333984375 0.9033203125 0.240234375 0.931640625 0.2431640625 0.9423828125 0.23046875 0.9423828125 0.2119140625 0.9169921875 0.2060546875 0.8828125 0.19140625 0.869140625 0.1943359375 0.86328125 0.212890625 0.8623046875 0.2314453125
5 0.548828125 0 0.529296875 0.0146484375 0.5048828125 0.037109375 0.451171875 0.1015625 0.421875 0.146484375 0.4560546875 0.1748046875 0.5322265625 0.1923828125 0.5810546875 0.2158203125 0.6728515625 0.2373046875 0.765625 0.2548828125 0.80078125 0.2470703125 0.8134765625 0.1982421875 0.8232421875 0.1484375 0.822265625 0.111328125 0.8408203125 0.0322265625 0.8203125 0.0166015625 0.7626953125 0.00390625 0.701171875 0 0.630859375 0 0.587890625 0 0.548828125 0
9 0.8046875 0.390625 0.806640625 0.2587890625 0.7939453125 0.2724609375 0.76171875 0.3154296875 0.7177734375 0.3642578125 0.6845703125 0.4091796875 0.6318359375 0.4638671875 0.595703125 0.505859375 0.576171875 0.546875 0.57421875 0.5390625 0.5771484375 0.6220703125 0.5927734375 0.638671875 0.6328125 0.6162109375 0.6845703125 0.5849609375 0.7099609375 0.578125 0.716796875 0.546875 0.74609375 0.486328125 0.7705078125 0.4501953125 0.7978515625 0.421875 0.8046875 0.390625
15 0.873046875 0.0166015625 0.8623046875 0.03515625 0.85546875 0.08203125 0.8388671875 0.1455078125 0.828125 0.220703125 0.8642578125 0.20703125 0.8837890625 0.197265625 0.912109375 0.181640625 0.92578125 0.158203125 0.9482421875 0.125 0.95703125 0.10546875 0.9482421875 0.0615234375 0.9287109375 0.00390625 0.904296875 0.0048828125 0.8828125 0.0068359375 0.873046875 0.0166015625
1 0.5263671875 0 0.490234375 0.03125 0.4296875 0.103515625 0.404296875 0.1396484375 0.341796875 0.1669921875 0.2880859375 0.185546875 0.26171875 0.19921875 0.2080078125 0.236328125 0.171875 0.26953125 0.1640625 0.279296875 0.162109375 0.2939453125 0.1728515625 0.3154296875 0.1748046875 0.3388671875 0.150390625 0.3935546875 0.146484375 0.4140625 0.1513671875 0.46875 0.228515625 0.6259765625 0.2783203125 0.7099609375 0.2900390625 0.7216796875 0.3203125 0.7294921875 0.3662109375 0.759765625 0.443359375 0.80078125 0.47265625 0.8134765625 0.4951171875 0.8173828125 0.5458984375 0.8134765625 0.6201171875 0.77734375 0.6455078125 0.7705078125 0.6875 0.7666015625 0.701171875 0.759765625 0.72265625 0.7353515625 0.759765625 0.66796875 0.7919921875 0.5908203125 0.8125 0.560546875 0.845703125 0.4619140625 0.8701171875 0.4140625 0.890625 0.38671875 0.9140625 0.341796875 0.951171875 0.2236328125 0.955078125 0.1953125 0.9541015625 0.0986328125 0.9443359375 0.0390625 0.9296875 0 0.5263671875 0
8 0.28752554531249996 0.71343058125 0.3086793984375 0.668686196875 0.1957193765625 0.509440103125 0.18419696562500001 0.5458425640625 0.28752554531249996 0.71343058125