7 0.10315297187500001 0.44057137187500006 0.1414666765625 0.4744111078125 0.1928986234375 0.49215821875000004 0.21930551406249998 0.4648528109375 0.2400053234375 0.4699929046875 0.26176166093750003 0.50538799375 0.38177159375 0.5002199968750001 0.4289464578125 0.48000661562499997 0.5692441109375 0.3842316421875 0.585132246875 0.391494078125 0.61343530625 0.3905057140625 0.6244312046875 0.369601415625 0.6298997171875 0.33032414062500004 0.34783268125 0.3118365640625 0.231283559375 0.3041806546875 0.1648960765625 0.33385937499999996 0.112389028125 0.3972539 0.10315297187500001 0.44057137187500006
6 0.5752858328125 0.5012795921875 0.6011691031249999 0.4309975265625 0.6011907875 0.403636353125 0.564274425 0.4098112890625 0.45230151718749995 0.4772367234375 0.40806695312499996 0.5256850015625 0.43692771406249997 0.5686492609375 0.4960527609375 0.554858675 0.5752858328125 0.5012795921875
6 0.0653628875 0.44970829375 0.0754540921875 0.5148254703124999 0.10207475937499999 0.43767754999999997 0.10771367968750001 0.40328011249999995 0.08039898281249999 0.43257153906249995 0.0653628875 0.44970829375
3 0.2193117328125 0.632923728125 0.15599776875 0.61070575625 0.12406037968750001 0.5356027296875 0.0884700890625 0.49580494374999995 0.07882505468749999 0.527410803125 0.06905298125 0.499414478125 0.0590795296875 0.549597803125 0.06051095468749999 0.59058844375 0.05926544375 0.6668502421875 0.075246534375 0.732738896875 0.16670555 0.777425809375 0.4489213078125 0.8281543984375 0.55026081875 0.7640317640625 0.5867682015625 0.746145215625 0.62898884375 0.5560793921875 0.5989135421875 0.506317440625 0.52149608125 0.555924490625 0.4460522390625 0.5781022015625 0.42393340312500005 0.5603086125 0.3936784078125 0.5613651390625 0.34061365625 0.580807040625 0.29166966250000004 0.6343055640624999 0.2193117328125 0.632923728125
2 0.907083803125 0.2649466671875 0.7069577890625001 0.3823540484375 0.7170489921875001 0.447471225 0.7280883015625 0.6796492703125 0.9044161984375 0.552324203125 0.952130146875 0.3796553875 0.9234149984375 0.28489668125 0.907083803125 0.2649466671875
5 0.44605837656249997 0.13056373593749998 0.40513957968750003 0.1486122765625 0.378502834375 0.182757871875 0.3442882015625 0.2103359328125 0.30466082499999997 0.2508060609375 0.2704802734375 0.279360090625 0.3001806765625 0.318386396875 0.32945970468749997 0.3173639515625 0.3979137640625 0.3188821140625 0.435273184375 0.32539475625000003 0.5047713734375 0.328830771875 0.5399402890625 0.32857980468750003 0.578275678125 0.335058365625 0.625394775 0.3412301921875 0.64762514375 0.30625336875000003 0.667256028125 0.2528013234375 0.6867165046875 0.1944694421875 0.6997201046875 0.14711177343749998 0.669759446875 0.12861486875 0.60500476875 0.1211045734375 0.5582264875 0.1246924234375 0.497818740625 0.12973338125 0.4685397125 0.1307558265625 0.44605837656249997 0.13056373593749998
14 0.7128229234375 0.6342559343749999 0.691543728125 0.6125243921875 0.6582585843750001 0.6107552625 0.64678554375 0.6179960140625 0.6336332203125 0.63311266875 0.6214227828125 0.647219275 0.60972356875 0.675965396875 0.6087476015625 0.6759994781249999 0.6038119984375 0.7025550921875 0.5985696609375 0.7203269984375 0.59959210625 0.7496060265625 0.600750878125 0.782788925 0.598777259375 0.8102182625 0.6014789875 0.8316213859375001 0.609968359375 0.8508680875 0.6115577953125 0.868401421875 0.6383178984375 0.8791928312499999 0.657031690625 0.8834251203125 0.6723745203125 0.875072075 0.687376534375 0.8569593531249999 0.703682934375 0.820235084375 0.7138608765625001 0.7759075640625 0.7243796328125 0.74133971875 0.724094584375 0.7051948359375 0.7260341218749999 0.6767895312500001 0.7128229234375 0.6342559343749999
14 0.887871228125 0.5822166984375 0.88647699375 0.6262374859375 0.90506685625 0.6549030453125 0.91684663125 0.656446003125 0.9323939484375 0.6539487625 0.9526506984375 0.6464012765625 0.9667108265625 0.6292986046875 0.9811675359375001 0.5955704015625 0.984083040625 0.5671310140625 0.9870326296874999 0.5396675953125001 0.9885972687500001 0.500526646875 0.9778833109375 0.47354036875 0.9710391406250001 0.4454417984375 0.95515100625 0.4381793625 0.9368121109375 0.4446827171875 0.9238301953124999 0.46467921093750003 0.914662303125 0.5099486171875001 0.906197725 0.5473762015625 0.8999794203124999 0.5651821890625001 0.887871228125 0.5822166984375
15 0.7071560578125 0.22013893593749997 0.7077695265624999 0.23770635312500002 0.7104154890625 0.28549468437500003 0.73541575 0.2738729203125 0.7578289234375 0.27211307812499996 0.7837153046875 0.28586647187500003 0.8029403187499999 0.304738275 0.806776028125 0.30265001406250003 0.839549946875 0.28977962968750004 0.871143409375 0.271087521875 0.89314760625 0.25761606718749996 0.9082177828125 0.24145528125000001 0.9190432734374999 0.21567114531249998 0.90331315 0.1849514046875 0.8807853343750001 0.155446203125 0.8626385328125 0.13946822187500002 0.8305338453125 0.14352081562500002 0.791461059375 0.143908109375 0.762386521875 0.1507863609375 0.7441157890625 0.1592416515625 0.723564703125 0.1863425703125 0.7071560578125 0.22013893593749997
12 0.7889483546875 0.32379288125 0.8024074125 0.31745993437500003 0.8040185328125 0.3076320953125 0.8026335859374999 0.295954565625 0.7884588171875 0.28179219375 0.7736148125 0.2764476109375 0.7607909078125 0.27298680000000003 0.7450391 0.2696282359375 0.7283794875 0.2682556859375 0.715725990625 0.2696747140625 0.7074875875 0.28559692812500004 0.7103256421874999 0.3109039234375 0.710939109375 0.328471340625 0.7221178140625 0.340784021875 0.753915765625 0.32794772031249997 0.7889483546875 0.32379288125
9 0.6298687453125 0.41338363125 0.6150371390625 0.436376190625 0.6011133375 0.457382734375 0.5919671296875 0.47529096718749997 0.5779410828125 0.49336960625000004 0.598947625 0.5072934078125 0.611204540625 0.5224999109375 0.628613946875 0.5453437484375 0.6331653671875 0.5637508062500001 0.6387702046875 0.5283774015625 0.6487560546875 0.5065312171875 0.6700569328125 0.500901584375 0.6936164828125 0.5039874984375 0.7212162281250001 0.51084095625 0.7391926234375 0.5219391 0.7152457796875 0.4797804 0.7160048625 0.445553371875 0.7003305046875 0.388448425 0.7036209078125 0.37074468125000004 0.6821496203125 0.371494475 0.668644084375 0.3485143125 0.6480806015625 0.34727809062500004 0.6318640484375 0.3585931203125 0.6281429828125 0.391946425 0.6298687453125 0.41338363125
1 0.0823168796875 0.7393321 0.09645756718750001 0.7525185046875 0.1491722140625 0.77901524375 0.279090546875 0.80574744375 0.3255063296875 0.8197610937500001 0.4451537640625 0.8321945953125001 0.48305848906250004 0.85432271875 0.5175240890625 0.8619135734375 0.54428419375 0.8727049828125001 0.5881810515625 0.8985324875 0.6245985859375 0.9060551796875 0.6477832375 0.8984054499999999 0.6611400515625 0.8891446000000001 0.68545868125 0.858003484375 0.6997449828125 0.8193954421875 0.712531696875 0.7378448265625 0.727930290625 0.7031065734374999 0.743443528125 0.6996333671875 0.7683074624999999 0.6841077328125 0.8627594343749999 0.6466088765625 0.87413023125 0.6364402218749999 0.89085800625 0.63976470625 0.904227215625 0.6588409984375 0.9161433156250001 0.6642878249999999 0.9444804578125 0.6642754281250001 0.9569635468750001 0.6579765625 0.9688672515625001 0.635086246875 0.9771614203125001 0.592778825 0.9879869125 0.5669946890625 0.98667630625 0.41753531875 0.977799640625 0.359215834375 0.9657348171875 0.32152799375 0.9621128859375 0.27377374374999996 0.9352722234374999 0.2326932578125 0.9084191625000001 0.1632756296875 0.8991242296875 0.1489428484375 0.8860617546875 0.1386502640625 0.8493374859375 0.1223438640625 0.7982122734375 0.11338046093750001 0.6552097796874999 0.10371685156249999 0.566362646875 0.1058423046875 0.5147386078125 0.110576528125 0.46039115468749997 0.12126880312499999 0.40631635624999995 0.13976881875 0.36638224375 0.1714552390625 0.2710472625 0.267614396875 0.2595060578125 0.2729032140625 0.2427101203125 0.26762679375 0.2068378890625 0.275719584375 0.20678212343750002 0.302104790625 0.20126713437500002 0.31206895625 0.1571564984375 0.3360839625 0.12879767343749998 0.363457534375 0.084903925 0.4216654875 0.0694712484375 0.455427771875 0.06693063906249999 0.494602803125 0.05699126718750001 0.545762096875 0.0646905859375 0.682295315625 0.0705928703125 0.7114039359375 0.0823168796875 0.7393321