7 0.101320690625 0.4544573359375 0.1407920453125 0.4869393265625 0.19281202656250002 0.5028806796875 0.2182498875 0.47467031718749997 0.239116471875 0.4790848671875 0.2620948265625 0.5136991078124999 0.3818512921875 0.5043459734375 0.42829198125 0.482498528125 0.5651616734375 0.38188558125 0.5812935828125 0.38858910468749996 0.609544909375 0.3866135796875 0.6198045609375 0.3653382640625 0.6238989828125 0.32589406875 0.34135856875 0.31726175156249997 0.22461325625 0.31367801093750003 0.15930198906249998 0.3456555421875 0.10903936249999999 0.41084391875000004 0.101320690625 0.4544573359375
6 0.5752846265625 0.498651375 0.5986993218750001 0.4275088109375 0.5977661015625 0.4001635484375 0.56108773125 0.40762308437500006 0.451536146875 0.47891524375000005 0.40901935 0.528877771875 0.43936196250000004 0.57080863125 0.49796970468749996 0.5549630140625 0.5752846265625 0.498651375
6 0.06387250156249999 0.46490754531249995 0.076230115625 0.5296328765625 0.10014214375 0.45160290625000005 0.10457717343749999 0.417029628125 0.0783013734375 0.447256478125 0.06387250156249999 0.46490754531249995
3 0.2241216921875 0.642638634375 0.1600709 0.622643821875 0.125531909375 0.54870114375 0.0885743765625 0.5101696859375 0.0800382453125 0.5420929 0.06929506875 0.5144546671875 0.0610790640625 0.5649554921875 0.0639401703125 0.6058712046875 0.065356915625 0.6821300156250001 0.08362775312500001 0.7474208015625 0.1765906046875 0.7888886171875 0.46040484687500005 0.829737115625 0.5594447765624999 0.7621168453125 0.5953056890624999 0.7429671046874999 0.6308674109375 0.551543584375 0.5990737640625 0.502861559375 0.523434721875 0.5551402203125 0.44881082968749997 0.5799373734375 0.42608448125000004 0.5629265593749999 0.3958847875 0.565038328125 0.343530875 0.58632031875 0.29648376875000004 0.6414943734375 0.2241216921875 0.642638634375
2 0.8986325765625001 0.250882834375 0.70272593125 0.37520299218750003 0.7150835437499999 0.4399283234375 0.734219025 0.671579665625 0.9059959265625 0.53817840625 0.9476547546875 0.3639495828125 0.9156500671875 0.270250746875 0.8986325765625001 0.250882834375
5 0.4331980953125 0.132671321875 0.3929341109375 0.15213691406250002 0.36750525624999997 0.18719131718749998 0.3342739265625 0.2159466515625 0.2960830765625 0.257775103125 0.26291986875 0.28750462187500003 0.29396417812500003 0.325470625 0.3231896875 0.323426978125 0.3916550296875 0.3225552046875 0.4292189796875 0.327760053125 0.4987947484375 0.328768525 0.5339334796874999 0.3272903328125 0.572471615625 0.3324270609375 0.6197774015624999 0.336950696875 0.64077355625 0.30121935 0.65852703125 0.247114759375 0.6759399 0.1881392515625 0.68728281875 0.1403566125 0.6566948781249999 0.12291658750000001 0.59171754375 0.117670771875 0.545092971875 0.122888975 0.48489795 0.13003506250000002 0.455672440625 0.132078709375 0.4331980953125 0.132671321875
14 0.717378740625 0.6267467359375 0.6953540890625 0.605771065625 0.66202748125 0.6051646468749999 0.6508141281250001 0.6128013921875 0.6381973796875 0.6283678484374999 0.62648669375 0.6428919984375 0.6157978328125 0.6720289046875 0.6148236484375 0.6720970265624999 0.6108178296875 0.6988087140625 0.6061989156250001 0.7167527484375 0.6082425609375 0.745978259375 0.61055869375 0.779100503125 0.6095435484375 0.806582009375 0.6129905890625 0.8278778062500001 0.6221464890624999 0.84681650625 0.6243468609375 0.864283690625 0.6514672781249999 0.8741346125 0.670317375 0.8777112203125 0.685359340625 0.86882780625 0.699720090625 0.85020255625 0.7147349000000001 0.8129315734375 0.7233596328125 0.7682758515625 0.73266558125 0.733361965625 0.7311192671875 0.6972490484375 0.73206629375 0.6687933578124999 0.717378740625 0.6267467359375
14 0.8905042671875 0.5686301031250001 0.8906471859374999 0.6126727328125 0.9102261390624999 0.6406720531250001 0.9220525859375 0.6418029625 0.93750328125 0.6387646499999999 0.9574842875 0.6305148109375 0.9709389749999999 0.612931865625 0.9842097796875 0.5787196781249999 0.986130990625 0.550195865625 0.9881203203125001 0.5226462374999999 0.9883180093749999 0.483474528125 0.9766687703124999 0.4568786 0.9688481421875 0.42903600468749997 0.9527162312499999 0.4223324796875 0.934615471875 0.4294718921875 0.9223393312500001 0.4499092671875 0.914756903125 0.49547105 0.9076036859375 0.5331712453125 0.9020105890625001 0.5511834015625 0.8905042671875 0.5686301031250001
15 0.6972628546874999 0.213079778125 0.6984890421875 0.23061508437499997 0.7028011828125 0.2782819609375 0.7273806203125 0.2657947796875 0.749718721875 0.2632538 0.7760693203125 0.2760953953125 0.795941240625 0.29428475781249996 0.7997017328125 0.2920639046875 0.8320065171875 0.27805756875 0.8629283890625 0.2582742515625 0.8844490328125 0.24404306875 0.8989460265625 0.22736618437499997 0.90886506875 0.2012199515625 0.892072425 0.1710678984375 0.8685286171875 0.1423668796875 0.8498352453125 0.1270319453125 0.8178915484375 0.1322025078125 0.7788560828125 0.1339531859375 0.7500393015625 0.14184193437499998 0.7320747859375001 0.1509297140625 0.7124820265625 0.178731346875 0.6972628546874999 0.213079778125
12 0.7826227953125 0.31381607031250003 0.7958526375 0.3070172671875 0.7971197890624999 0.2971391875 0.795328146875 0.28551710468749997 0.7806677515625 0.271858053125 0.7656462687500001 0.267034775 0.75270939375 0.26402362031250004 0.7368499703125 0.26121682968750004 0.72015260625 0.2604265296875 0.7075563390624999 0.2622862921875 0.69987863125 0.278486325 0.703598159375 0.30367885625 0.704824346875 0.3212141625 0.716425946875 0.3331292125 0.7477565484375 0.3191909984375 0.7826227953125 0.31381607031250003
9 0.6267667640625 0.4089040421875 0.6127466218750001 0.4324002109375 0.5995644203125 0.453879890625 0.5910487718749999 0.4720964125 0.5776622046875 0.490653540625 0.599141884375 0.5038357437500001 0.6119220328125 0.518605221875 0.6301180734375 0.5408275640625 0.6353091171874999 0.5590645671875001 0.6396760265625 0.5235171046875 0.6488933718750001 0.501335728125 0.6699848046875 0.494966134375 0.6936376984375 0.4972279515625 0.7214598125 0.5031140171875 0.7398125765625 0.5135780328124999 0.7144090046875 0.4722807484375 0.7139731171875 0.438048078125 0.696315375 0.3815249453125 0.6989859203125001 0.36371715312499997 0.6775538812499999 0.36521582656249996 0.6632545765625 0.342721 0.6426604765625 0.3422031859375 0.6268486921875 0.354077271875 0.6242939078124999 0.3875401234375 0.6267667640625 0.4089040421875
1 0.0909238890625 0.7537632359375 0.1055161625 0.7664481046875 0.15912342031249999 0.7910889890624999 0.2898955515625 0.8132708203125001 0.336772128125 0.8256560453124999 0.4567805984375 0.8339063375 0.49543449375000004 0.854698125 0.530144015625 0.8610815234375 0.5572644328125 0.8709324453124999 0.6020359171874999 0.8952122390625 0.6386938062499999 0.9014593937500001 0.6615973625 0.8930051906250001 0.6746228390625 0.8832838375 0.6978398453125 0.8513129828125001 0.71077004375 0.8122298765625 0.7207028921874999 0.7302826890625 0.7348797593749999 0.6950281953124999 0.7502623328125 0.6910156984375 0.774569284375 0.674631784375 0.8676550265625 0.63385944375 0.8786640140624999 0.62330015 0.8954976234375 0.6260388171875 0.909524440625 0.6446369109375001 0.921623375 0.649664553125 0.9499428218749999 0.6486632125 0.96219848125 0.6419325296875 0.973296071875 0.618640725 0.98010868125 0.5760696125 0.990027725 0.5499233796875 0.9835018609375 0.4006007953125 0.9725952828125 0.3426266296875 0.959222521875 0.305382803125 0.9539361968750001 0.25778404843749997 0.925678196875 0.21766531093750002 0.896418853125 0.14922712968750002 0.8866293765625001 0.1352274671875 0.8732156515625 0.125397028125 0.8359446687500001 0.1103822203125 0.7845377828125 0.103208521875 0.6412851468749999 0.0985415140625 0.5525663140625 0.10376639218749999 0.501138946875 0.110299384375 0.44719775625 0.12288184531249999 0.3938015390625 0.143257775 0.35499759375 0.176318571875 0.26307659375000003 0.2757462953125 0.2517269984375 0.2814346734375 0.234757146875 0.27674763750000003 0.199189203125 0.2860874203125 0.2000543 0.31245850000000003 0.194890415625 0.32260906562499997 0.1516447625 0.34814888125 0.1242585359375 0.3764954859375 0.08242295468750001 0.43619985000000006 0.068177965625 0.4704801609375 0.06700609375 0.50971999375 0.0588582109375 0.5611950015625 0.0713177796875 0.6973763468749999 0.07823234531249999 0.7262612484375001 0.0909238890625 0.7537632359375