1 0.21053105312499998 0.8983434656249999 0.2572411703125 0.9038832484375 0.2809370453125 0.8968934656249999 0.2983929296875 0.8447365187500001 0.341744484375 0.8345244953125001 0.47999106874999997 0.8491237500000001 0.653917790625 0.8493344593750001 0.6944312890625 0.8644294296874999 0.7146074765625 0.9022659921875 0.727930209375 0.9125028109375 0.85884619375 0.913165865625 0.8926425609375 0.8967572203125 0.9108482390624999 0.8231289890625 0.8802307421875 0.8044709624999999 0.8354291890625 0.7442769921875 0.8488015093750001 0.641165240625 0.847556 0.5649034421875 0.837616628125 0.5137441484374999 0.8124025906250001 0.4522798734375 0.8016018921875 0.36982145312500003 0.8224845078125 0.3314643796875 0.8213505296875001 0.30797299375 0.8025809703125001 0.28582007656249997 0.7426162828125 0.2680915390625 0.706372265625 0.18669893437500001 0.670716921875 0.14441319531250002 0.6553059296875 0.1380120859375 0.6081868328125 0.1441839125 0.377994803125 0.1322367984375 0.3192074625 0.1927219953125 0.2748086703125 0.28888733125 0.26706909218749997 0.28666274375 0.263846853125 0.2670070671875 0.2543598296875 0.258858509375 0.2229925390625 0.261671771875 0.2070362421875 0.2708861421875 0.1950953484375 0.3330072546875 0.2576936015625 0.3312846015625 0.25714829687499996 0.346900084375 0.22212499375 0.3984435625 0.1840591484375 0.481149840625 0.1658534703125 0.554778075 0.16344296875 0.6797700890625 0.17993835 0.8230111546875 0.18813027499999999 0.8682464781249999 0.21053105312499998 0.8983434656249999
5 0.354275809375 0.3179568109375 0.509481415625 0.3251533609375 0.6850316515625 0.33483701250000003 0.7319118984374999 0.3151543015625 0.7265067593750001 0.2918690921875 0.697055928125 0.19401319687500002 0.6501869515625 0.187934871875 0.5563560468750001 0.17843994531250001 0.4517233046875 0.173009440625 0.3568812265625 0.16703250625 0.3285288671875 0.2157886328125 0.296740196875 0.286632890625 0.298596365625 0.309794165625 0.315330053125 0.3139318203125 0.354275809375 0.3179568109375
7 0.2925039390625 0.4588200546875 0.4243933578125 0.47230898593750004 0.5740276390625 0.486417584375 0.6720581640625001 0.4774043296875 0.771223796875 0.461324115625 0.8013083890624999 0.4392782390625 0.784783140625 0.37829504687500004 0.7548872734375001 0.3186215953125 0.7337483515625001 0.31344177968750003 0.7008161312500001 0.3407181703125 0.5333750171875 0.3277643953125 0.365717021875 0.32102132499999997 0.292963071875 0.3184807015625 0.2767758109375 0.3241337046875 0.24756719375 0.37197160625 0.233317775 0.42388519375 0.2925039390625 0.4588200546875
12 0.2679343609375 0.32293663125 0.2613744 0.281844590625 0.2594562671875 0.260457803125 0.227732390625 0.253131703125 0.20798488750000002 0.2844218140625 0.20426972656250003 0.314495134375 0.23029834531249999 0.332282253125 0.261227928125 0.336915640625 0.2679343609375 0.32293663125
12 0.767905803125 0.35283257031250004 0.7981650250000001 0.351224271875 0.8224304265625 0.343188384375 0.821275603125 0.325381553125 0.82468093125 0.3041806640625 0.8100315609375001 0.2912325421875 0.775006578125 0.2766845640625 0.7700746281249999 0.290725540625 0.771466046875 0.327195465625 0.767905803125 0.35283257031250004
4 0.6931013078125 0.5616417453125 0.7161499203125 0.5375735140625 0.7162963953125 0.482502465625 0.6473280140625 0.4987488671875 0.546616046875 0.4827953734375 0.4256721109375 0.48656684375000003 0.30128342343750003 0.461791615625 0.30688290625 0.5303881968749999 0.3430627109375 0.5627430078125 0.3540081921875 0.5800034125 0.4547821265625 0.59418241875 0.5701237546875 0.5982102359375 0.6744269468749999 0.58763938125 0.6931013078125 0.5616417453125
6 0.7255096421875 0.47305262031249995 0.7084323125 0.5550705140625001 0.8058037468749999 0.5140545390625 0.8162450531250001 0.4948760015625 0.8023195671875 0.43576024843749994 0.7255096421875 0.47305262031249995
6 0.2510485453125 0.5266617671875 0.31247394375000004 0.5483499453125 0.30737019375 0.4655574734375 0.260873015625 0.44883222500000003 0.21936974999999997 0.41629151562500005 0.192729909375 0.466884096875 0.2510485453125 0.5266617671875
12 0.26300524062499997 0.260581734375 0.23984396718749998 0.2624379 0.22004576562499997 0.269741459375 0.2128858515625 0.2712680796875 0.21285486874999998 0.2721553234375 0.20728354375000002 0.27906736875 0.2261635171875 0.272620071875 0.20519922343750002 0.2878778375 0.21250278125 0.3076760390625 0.227822515625 0.32686584375 0.26465296718750003 0.340588546875 0.2741450640625 0.32315351406250004 0.2727226640625 0.28757082968750003 0.26300524062499997 0.260581734375
12 0.8200165625 0.33599748749999997 0.8247006453125 0.329054459375 0.823545821875 0.3112476265625 0.8177069171875001 0.3003838234375 0.7977340875000001 0.2872498046875 0.775006578125 0.2766845640625 0.7746347796874999 0.287331484375 0.768660671875 0.30577769374999997 0.7687113671875 0.32976424375 0.7718265765625001 0.34230958437500003 0.77699511875 0.34693170156250003 0.79122199375 0.3465401875 0.8037363515625 0.3443122234375 0.8200165625 0.33599748749999997
8 0.5779845531250001 0.7061087765625 0.581238946875 0.6109253203125 0.4300943765625 0.602213540625 0.42746653125 0.7020410578125 0.5779845531250001 0.7061087765625