6 0.3362693125 0.528100103125 0.3414430734375 0.5446187953125 0.35566782343750003 0.565874940625 0.39283671249999996 0.5814628359375 0.4288312296875 0.5804156921875 0.4626689796875 0.5644290062499999 0.484438746875 0.54212571875 0.4832294703125 0.5221578515624999 0.46184871562499996 0.48610760312499995 0.414384659375 0.4424815640625 0.3903185046875 0.43651400625000003 0.3503595015625 0.44101032656249994 0.3366932296875 0.47307939374999997 0.3339554734375 0.4981628484375 0.3362693125 0.528100103125
6 0.7672261812500001 0.42221525312499997 0.777346825 0.43358927031250005 0.7923968984374999 0.43815219843750003 0.8213401234375001 0.43230942656250004 0.83119898125 0.41868724999999996 0.835988790625 0.398544859375 0.8315356375 0.355334475 0.8182060218749999 0.32405076718750003 0.7838796046875001 0.29337789375 0.7699515453125 0.30045076875 0.7621447406249999 0.31901400625 0.7565645125 0.35918244062500004 0.7610176656250001 0.4023928234375 0.7672261812500001 0.42221525312499997
14 0.28462121875 0.6579555203125 0.281616615625 0.7530574015625 0.2820878296875 0.798050546875 0.2938540609375 0.8710527515625 0.3146189203125 0.9437931687500001 0.330895721875 0.9699903765625001 0.3570837390625 0.987564646875 0.3849922125 0.9784181359374999 0.4127261625 0.9526074984375 0.4235499625 0.935623409375 0.4293221671875 0.9137855187499999 0.44518011093750004 0.89998881875 0.3931182203125 0.8948357078125 0.37794598125 0.8786078921874999 0.339311090625 0.7230413171875 0.319720603125 0.666935940625 0.29335806249999996 0.6326975421875 0.28462121875 0.6579555203125
14 0.152369415625 0.8268280953125 0.16762891875000002 0.8513879765624999 0.20662297812500002 0.8502535703125 0.21830700625000002 0.8199090921875 0.218887996875 0.779886096875 0.208767353125 0.7685120796875 0.1856661421875 0.7591826109375 0.177527740625 0.7460840078125 0.16405850625 0.701468996875 0.14499665 0.6003413859375 0.12652817656249998 0.5558718140625001 0.1187737296875 0.5794342921875 0.120122625 0.612733459375 0.142899571875 0.7820967343749999 0.152369415625 0.8268280953125
5 0.3602684453125 0.14567712187499998 0.2656843203125 0.18676791406249998 0.25884245781250004 0.20196924218749998 0.2622783109375 0.24354230000000002 0.289530925 0.36276775156249996 0.2997562828125 0.3841402453125 0.31280665937499996 0.3887613484375 0.39170736562499997 0.3781313828125 0.6488478078125001 0.29230544687500004 0.67073974375 0.2816670484375 0.6935268109375 0.261001084375 0.6781800484375 0.2281091390625 0.6314715046875 0.1611242296875 0.586954634375 0.11241168906250001 0.5668180609375 0.0996621328125 0.5028976187499999 0.108189375 0.3602684453125 0.14567712187499998
12 0.2603034 0.4369625359375 0.26104146093749997 0.41193725625 0.24962427968749998 0.37226330937499996 0.2435030265625 0.36077294375 0.23143504374999999 0.3544563421875 0.20545645625 0.356879025 0.1826693875 0.3775449890625 0.1768971828125 0.399382878125 0.18233273125 0.44089776093750005 0.1893840234375 0.44569339062499996 0.2543741234375 0.44380271093749996 0.2603034 0.4369625359375
12 0.705826734375 0.19396643593750001 0.6739188703125001 0.20322929531249997 0.6689545375 0.2067075578125 0.669024346875 0.21337320937499998 0.69450920625 0.259305584375 0.7305211765624999 0.259924853125 0.7312243328125 0.2315667484375 0.7270155125 0.21168614375 0.722928859375 0.203470428125 0.705826734375 0.19396643593750001
15 0.1512552515625 0.3384527859375 0.14870947031249998 0.3818667828125 0.18086166875 0.395933703125 0.187633721875 0.374066725 0.20150942343749997 0.3619946140625 0.23143504374999999 0.3544563421875 0.2415556875 0.36583035625 0.249955875 0.403925153125 0.2559375078125 0.4020842171875 0.2561519984375 0.32706655156250003 0.2484898734375 0.26394647656250003 0.236898165625 0.2076084015625 0.22374307343750002 0.192988821875 0.2047808734375 0.19687430625 0.17916878593750002 0.23429165937500002 0.1512552515625 0.3384527859375
7 0.35932322656250004 0.437415715625 0.38871556875 0.438644290625 0.414434834375 0.44727249999999996 0.44277370625 0.467284578125 0.46734133437500003 0.48532271875 0.485310865625 0.47021439843749996 0.5239349765625 0.457630675 0.5637216375 0.43667852968750004 0.6004492203125 0.4220663296875 0.6552554125000001 0.4027608890625 0.6963573296875001 0.38802143125 0.7368997875 0.3795492015625 0.7593745453125 0.376811721875 0.7579283953125 0.3581009359375 0.760747503125 0.3288478140625 0.7752870921875 0.2846681671875 0.7187429578125 0.257608678125 0.7099806671875 0.2563551109375 0.689358809375 0.2569550390625 0.6632327921875001 0.2691751703125 0.632863334375 0.294020653125 0.57493261875 0.31341699218749997 0.5158066328124999 0.338057228125 0.46222843437499994 0.35524329374999997 0.415480559375 0.3680633515625 0.37318337343749997 0.3880467078125 0.33133656562499997 0.39134775624999996 0.3107365234375 0.3940306984375 0.3172364484375 0.4178035859375 0.33444701875 0.4495994859375 0.34002753124999996 0.44526983906249995 0.35932322656250004 0.437415715625
4 0.6098583546875 0.7833059953125 0.6757601234374999 0.749092209375 0.7175305765625 0.7385006046875 0.7479654796874999 0.7199041687500001 0.78092181875 0.7033180296875 0.8006788015625 0.67982310625 0.8203921546874999 0.6521621515625 0.830590134375 0.6112342859375001 0.8339250687499999 0.571547903125 0.8317667515625 0.5445232328125 0.8317231203125001 0.5403572015625 0.81663814375 0.5324614484375 0.8067596515625001 0.544208909375 0.7899853921875 0.5540733296875 0.7613488484375 0.565324671875 0.7170569609374999 0.573905978125 0.68416606875 0.596741165625 0.6512097296875 0.6133273046875 0.6082221921875 0.6270797921875 0.583345984375 0.6392635640625 0.559018328125 0.6441386 0.531555240625 0.6480630265625 0.5111297203125 0.6674100968750001 0.495616178125 0.6782796671875 0.48340168281249996 0.7057224671875 0.5006449765625 0.740642890625 0.5297832765625 0.77730091875 0.5506887375 0.8037802 0.6098583546875 0.7833059953125
4 0.7742132265625 0.480562571875 0.7827328312499999 0.458436390625 0.7625286296875 0.4392294828125 0.7455798453125 0.43242977656250003 0.711911340625 0.44070202968750005 0.64904683125 0.466492853125 0.5961480796874999 0.488868278125 0.563827553125 0.506477746875 0.5432166015625 0.5081191796875 0.519633834375 0.524432625 0.5068162515625 0.553976621875 0.4951939375 0.5782767171875001 0.5258360890625 0.5794689328125 0.571432325 0.5760588078125 0.6145071265625 0.5706383828125 0.65126743125 0.5591507078125 0.6848813984375 0.5456709140625 0.7215653515625 0.52689268125 0.7506849984375 0.50208355625 0.7742132265625 0.480562571875
15 0.25824729999999996 0.501315090625 0.259496665625 0.45895315 0.24807926249999998 0.439610175 0.2267452375 0.43189621718750004 0.1930440078125 0.437043946875 0.18422989375 0.4310494109375 0.18778298437500002 0.41219319062500004 0.1651337015625 0.39826654375000003 0.1494238203125 0.39038896875 0.1321773625 0.41485268125 0.1265282421875 0.47231741875 0.1257801890625 0.520263146875 0.13554644062500001 0.5574847421875 0.1466279484375 0.6009190249999999 0.159188328125 0.66618861875 0.17050980625 0.732536078125 0.1980928796875 0.740068240625 0.2333166109375 0.7609218515625 0.2672578109375 0.7786872984375 0.2726637984375 0.757693521875 0.26811810468749997 0.6817725140625 0.2634960546875 0.59856095 0.26116556874999997 0.5673261968750001 0.26158861718750004 0.595490965625 0.261599525 0.596532471875 0.2599535671875 0.5510821328125 0.257678734375 0.5205932843750001 0.257761353125 0.5177919484375 0.255222746875 0.5248320343749999 0.25520093125 0.5227490203125 0.255179115625 0.520666003125 0.253863859375 0.514453315625 0.2517818984375 0.49471920156250004 0.2535366265625 0.48320807343750005 0.2571224390625 0.4674763765625 0.25711153124999997 0.46643486875000006 0.2571006234375 0.465393359375 0.25824729999999996 0.501315090625
1 0.217957959375 0.786580834375 0.2329731265625 0.7878109390625 0.2742461203125 0.8132809609375 0.28440166875 0.827987803125 0.2918194609375 0.8677781 0.3187055734375 0.9520088828125 0.34603305624999997 0.9828853687500001 0.369064459375 0.985549184375 0.40583194218749996 0.9628095859375 0.4196552859375 0.945738234375 0.43333900937500003 0.9153355812499999 0.46210771250000005 0.8928286812499999 0.511943025 0.8763766000000001 0.5666379578125 0.846447778125 0.6752723078125 0.8099489999999999 0.746929746875 0.77619286875 0.7921323218749999 0.7948808921875 0.82307524375 0.7889799453124999 0.8419501828125 0.7767623968749999 0.864615084375 0.74443154375 0.872299721875 0.7142034140625 0.8898781234375001 0.6736859328125 0.8953710890625001 0.6251854390625 0.8940396453125 0.59355268125 0.8749952437499999 0.494091484375 0.8490915250000001 0.4081652015625 0.8399183718750001 0.3917628578125 0.8345526328125 0.35691362656250003 0.8232576187499999 0.32890456874999996 0.794912834375 0.2963907578125 0.736537715625 0.2614167421875 0.73324148125 0.2331749859375 0.7178598125 0.1969502140625 0.703792134375 0.190691784375 0.6778310000000001 0.19478088124999998 0.667780165625 0.1900725171875 0.6322968296875 0.144431015625 0.5807810234375 0.09592208437500001 0.542542478125 0.073697625 0.5104775421875 0.06796276875 0.3976518234375 0.08624735312500001 0.378776884375 0.098464903125 0.271090025 0.12993535312499999 0.21835988281250002 0.156473175 0.19162578125000002 0.1822547265625 0.170960575 0.21452740312500002 0.14767977968749998 0.2835484265625 0.13278171875 0.38899783125 0.1190630890625 0.416067659375 0.1165173078125 0.4594816546875 0.1180531203125 0.6061259828125001 0.140864971875 0.7788220828125 0.15956032656250002 0.844955025 0.1696286125 0.8513298015625 0.1936249578125 0.8506317062500001 0.207553015625 0.84355883125 0.2152900109375 0.8183299406250001 0.217957959375 0.786580834375