1 0.1078125 0.6033402921875 0.1375 0.5720250515624999 0.1484375 0.5720250515624999 0.221875 0.61377870625 0.328125 0.682672234375 0.3546875 0.7599164921875 0.378125 0.79749478125 0.44375 0.830897703125 0.471875 0.8288100203125 0.5203125 0.80793319375 0.5484375 0.784968684375 0.6734375 0.8329853859374999 0.6921875 0.86221294375 0.71875 0.885177453125 0.771875 0.9060542796875 0.809375 0.89979123125 0.8359375 0.8789144046875 0.878125 0.885177453125 0.9140625 0.8538622124999999 0.9390625 0.7828810015625 0.9515625 0.6868475984375 0.9421875 0.6075156578125 0.9109375 0.551148225 0.8546875 0.5093945718749999 0.81875 0.49686847656250005 0.7390625 0.44676409218749996 0.6578125 0.317327765625 0.584375 0.242171190625 0.4328125 0.1732776625 0.4 0.13778705625 0.378125 0.1252609609375 0.2875 0.1210855953125 0.2296875 0.1315240078125 0.1734375 0.1544885171875 0.13125 0.19624217187499998 0.0859375 0.2651357 0.071875 0.3006263046875 0.065625 0.35699373749999996 0.040625 0.4592901875 0.040625 0.555323590625 0.0515625 0.582463465625 0.075 0.59707724375 0.1078125 0.6033402921875
14 0.509375 0.7536534453125 0.5125 0.605427975 0.50625 0.56993736875 0.4890625 0.5407098125 0.4375 0.5260960328125 0.4078125 0.5386221296875 0.35625 0.5887265140625 0.346875 0.647181628125 0.3484375 0.693110646875 0.3546875 0.7348643 0.3734375 0.7787056375 0.415625 0.8162839249999999 0.4609375 0.8267223375 0.4953125 0.8058455109375 0.5140625 0.774530271875 0.509375 0.7536534453125
14 0.1328125 0.4112734859375 0.125 0.390396659375 0.096875 0.38622129374999997 0.06875 0.4008350734375 0.05 0.43215031249999997 0.0421875 0.4697286015625 0.0421875 0.55949895625 0.05625 0.5866388312499999 0.10625 0.605427975 0.11875 0.5991649265625 0.1375 0.5678496875000001 0.125 0.5344467640625 0.13125 0.5052192062499999 0.1328125 0.4112734859375
14 0.671875 0.8329853859374999 0.684375 0.8434238000000001 0.690625 0.866388309375 0.709375 0.8872651359375 0.7390625 0.903966596875 0.778125 0.9102296453125 0.8046875 0.903966596875 0.8390625 0.8768267218749999 0.8234375 0.86221294375 0.678125 0.82463465625 0.671875 0.8329853859374999
6 0.56875 0.46764091875 0.5703125 0.4926931109375 0.578125 0.5073068890625 0.7234375 0.582463465625 0.7390625 0.582463465625 0.7515625 0.5657620046875 0.7578125 0.5427974953125 0.7515625 0.5302713984375 0.6140625 0.4509394578125 0.58125 0.4425887265625 0.56875 0.46764091875
5 0.628125 0.29436325625 0.484375 0.21085595000000001 0.4234375 0.18789144062500002 0.4484375 0.28810020937499997 0.46875 0.32150313124999996 0.7359375 0.44676409218749996 0.68125 0.3590814203125 0.628125 0.29436325625
4 0.7862215906250001 0.5446953890625 0.7776988640625 0.5608274828125 0.7684659093749999 0.59973429375 0.7634943187500001 0.6282026953125001 0.7634943187500001 0.6936800140625 0.7734375 0.738280509375 0.88849431875 0.7885746828125 0.9232954546875 0.7838299484375 0.9403409093749999 0.7136078953125 0.9360795453125 0.665211615625 0.9339488640625 0.6130195484375001 0.9090909093749999 0.5864490421874999 0.8508522734374999 0.5617764281250001 0.7862215906250001 0.5446953890625
7 0.9360795453125 0.6016321875 0.9296875 0.5693680015625 0.8117897734374999 0.4934522671875 0.7414772734375 0.4535965078125 0.7116477265625 0.43651546718749995 0.5362215906250001 0.355855 0.47301136406250005 0.3197950265625 0.4743890984375 0.3259310734375 0.473721590625 0.36249762812499997 0.5298295453125 0.39381286875 0.6207386359375 0.43556652187499995 0.6157670453125 0.43746441562499994 0.6860795453125 0.48396280156250004 0.7507102265625 0.5266654015625 0.7755681812499999 0.543746440625 0.7833806812499999 0.547542228125 0.8018465906250001 0.5418485484375 0.8579545453125 0.5665211609374999 0.91193181875 0.5921427218749999 0.9282670453125 0.6158663890625 0.9360795453125 0.6016321875
15 0.38068181874999996 0.202125640625 0.3359375 0.17270829375000002 0.29616477343750003 0.1670146140625 0.231534090625 0.15467830625 0.2336647734375 0.16132093281249998 0.1946022734375 0.23438982656250001 0.27485795468749996 0.27424558593750004 0.3203125 0.28278610625 0.328125 0.257164546875 0.35369318125000004 0.24767508125 0.3828125 0.2600113890625 0.39559659062499997 0.27329664062500003 0.401278409375 0.3017650421875 0.40482954531250004 0.3112545078125 0.41832386406250005 0.30081609375 0.40696022656249997 0.253368759375 0.38068181874999996 0.202125640625
12 0.3323863640625 0.2505219203125 0.32102272656249997 0.28373505468750004 0.32528409062499997 0.287530840625 0.32315340937500003 0.29037768124999996 0.34303977343750003 0.30081609375 0.36931818125000004 0.30840766875000003 0.39985795468749996 0.32074397499999996 0.40553977343750003 0.3017650421875 0.39630681874999996 0.278990321875 0.38778409062499997 0.2600113890625 0.37428977343750003 0.251470865625 0.3515625 0.242930346875 0.3323863640625 0.2505219203125
8 0.8830286875000001 0.8445793 0.8989562375 0.7864708499999999 0.8054534125 0.7458348671875 0.7856251328125 0.8110237265625001 0.8830286875000001 0.8445793