14 0.0968367859375 0.6590781921875 0.0850323734375 0.7379696890624999 0.0825783921875 0.8181470890625 0.0971772328125 0.8832982875000001 0.1093977609375 0.9042804062500001 0.12003110312500001 0.9098787765624999 0.17448565625 0.8999961843750001 0.18860752812499998 0.863059509375 0.1889776 0.8341581359375001 0.16985074375 0.8160865390625001 0.16069769218750002 0.6948826703125001 0.1450593640625 0.6342760281250001 0.13149507031250002 0.606767184375 0.1125507828125 0.5953383546875 0.101182234375 0.605355821875 0.0969025796875 0.6191055359375001 0.0968367859375 0.6590781921875
14 0.4487107484375 0.8792525093749999 0.46221418593749997 0.9045470968749999 0.47865351250000004 0.909565246875 0.5433762734375 0.8919954875 0.5545622546875 0.875335253125 0.557989928125 0.8305859515625 0.5397199890625 0.801327028125 0.530800484375 0.773354009375 0.5251869421875 0.6962031750000001 0.5170635 0.654828575 0.4933576484375 0.597248496875 0.46872908593749996 0.5908284015625 0.45644276406250006 0.6098189374999999 0.4344918546875 0.700826115625 0.43625173437500003 0.8072264546874999 0.4487107484375 0.8792525093749999
14 0.8898439484375 0.8307271843749999 0.8969986343749999 0.7944867765625 0.8941285390625 0.774790559375 0.87432733125 0.774549053125 0.7861980609375 0.7877969296875 0.7758689984375 0.7932698406250001 0.77397259375 0.8090017203125001 0.78044799375 0.83277831875 0.8061719609375 0.8790550250000001 0.8642926718749999 0.8754670687500001 0.8733996828124999 0.8678959468749999 0.8898439484375 0.8307271843749999
13 0.6102783609375 0.53005558125 0.6414481171874999 0.5202796171874999 0.6419448390625 0.45361984218750007 0.628329565625 0.3395229203125 0.6032750109375 0.31760303125 0.576445765625 0.3158435359375 0.5697220062499999 0.3253968265625 0.5659703031250001 0.5278224921875 0.6102783609375 0.53005558125
13 0.9140251656249999 0.48193793749999997 0.9190350890625 0.49475929687500003 0.9376142421875 0.49290258906249995 0.9353066609375 0.3665739421875 0.9206469640625 0.2992084875 0.913618925 0.297690496875 0.9109873140625 0.32903821718750004 0.9174528390625 0.4371886359375 0.9140251656249999 0.48193793749999997
12 0.18230321562500001 0.4218423109375 0.2008823703125 0.41998560312500005 0.20754527500000003 0.40821805468749994 0.20748935624999998 0.3638168890625 0.1989958421875 0.35134366093749997 0.1850614765625 0.35273619218749996 0.1750975484375 0.37149464062500004 0.17393141406249998 0.413797596875 0.18230321562500001 0.4218423109375
15 0.2556000984375 0.250212390625 0.20578045625 0.344004628125 0.20266200156249997 0.357638296875 0.205162025 0.4062358890625 0.2322955484375 0.41906666562500006 0.2877895890625 0.4046395171875 0.31523232968750003 0.38635466093750004 0.32348735781250004 0.34778395156249997 0.336813165625 0.3242488578125 0.3371223828125 0.293133228125 0.3463560421875 0.2478037078125 0.3599861296875 0.23533989375000003 0.3703201296875 0.18768007343749998 0.3802232015625 0.16670736875 0.378757725 0.15575213125 0.3682460953125 0.154582275 0.31996266093750003 0.17717018125 0.2556000984375 0.250212390625
15 0.33833456093750003 0.3796052640625 0.3604581609375 0.379614678125 0.46778008125000003 0.3444657453125 0.48160754843750003 0.21208396718750003 0.47977693906249996 0.1878431921875 0.489862578125 0.173513259375 0.48937573125 0.1557992078125 0.48234769375 0.15428121875 0.3897562015625 0.174636040625 0.383154153125 0.1886178421875 0.390303903125 0.19456434375 0.37294680156250004 0.1985192640625 0.3428017203125 0.33031140625 0.33833456093750003 0.3796052640625
2 0.17397251875 0.5847594984375 0.1807982390625 0.748382365625 0.18739535000000002 0.7765874765625 0.2863405296875 0.7755807390625 0.317510284375 0.7658047765625 0.30372725625 0.51850435 0.306546371875 0.4516124875 0.3179198578125 0.39940810937500004 0.3163935265625 0.38623861718749997 0.3116878828125 0.3844885359375 0.30270258437500003 0.3964881734375 0.2185437515625 0.4271019640625 0.1877391296875 0.4501634640625 0.1765482109375 0.5090106125 0.17397251875 0.5847594984375
2 0.433690853125 0.7564146078125 0.43645405156250006 0.6451215765625 0.4488061671875 0.5861583859375 0.4480808359375 0.5174003984375 0.45566151406250005 0.49665978437499997 0.45995104375 0.3985362484375 0.46680145156249997 0.35122455937499997 0.45506776875000005 0.34795648749999997 0.3223212234375 0.39008690625 0.3107651703125 0.4356485171875 0.304584175 0.5073170250000001 0.311222390625 0.7064840359375 0.31867148125 0.76568873125 0.433690853125 0.7564146078125
11 0.719110196875 0.126179678125 0.6472376859375 0.13780293593749998 0.6312852046875 0.1504988359375 0.6247440125 0.16669489375 0.6073869109375 0.1706498140625 0.6221732578125 0.20025686875 0.633040146875 0.2990860890625 0.6538759015625 0.336969946875 0.7028287484375 0.33873885625 0.7620498015625 0.33282060156250004 0.7721962984374999 0.3207049203125 0.7861306640625 0.319312390625 0.7980469140625 0.329223228125 0.9094001265625 0.3136544671875 0.9075695156249999 0.28941369375 0.8986500109375 0.2614406734375 0.8478155734374999 0.1488429109375 0.843723425 0.12704848124999998 0.7783312515625 0.12026142343749999 0.719110196875 0.126179678125
0 0.7552651874999999 0.340159634375 0.637862565625 0.3474515890625 0.63498753125 0.3699422859375 0.646458040625 0.533100975 0.6501850546875 0.54160986875 0.6850768875 0.5825297093749999 0.8010140343750001 0.5642825140625 0.83077916875 0.545765571875 0.8567514953125 0.5587123921875 0.89048706875 0.5575613640625 0.899594078125 0.5499902421875 0.9126156062499999 0.5153838687500001 0.9151863609375 0.48182189375 0.9184972609375001 0.39045716874999997 0.91208765625 0.326707915625 0.9037767078125001 0.32087745624999997 0.8178481203124999 0.32946473125 0.7769627984375 0.3246692578125 0.7552651874999999 0.340159634375
10 0.9073573234375001 0.5358923953125 0.8997157890624999 0.554418753125 0.8894475828124999 0.5621059203125001 0.7341514453125 0.58872713125 0.6816541515625001 0.585092096875 0.6345417906249999 0.5231901375 0.518300365625 0.5303660515625 0.5175043031250001 0.5437676312499999 0.5299073984375 0.57139251875 0.5514076296875 0.675820109375 0.5471181015625 0.7739436453125 0.5543895625 0.7843186609374999 0.6409316453125 0.7556870375 0.6670914781249999 0.7330897140625 0.7472749359375 0.727296915625 0.784128965625 0.7125122187499999 0.8932206390624999 0.6993898046875 0.9177274921875 0.7013813875 0.9325138374999999 0.73098844375 0.950910425 0.7224889671875 0.955190078125 0.708739253125 0.9468988812499999 0.534161146875 0.93657475625 0.497447146875 0.930586203125 0.49138459843750004 0.9143903 0.49522347499999997 0.9073573234375001 0.5358923953125
1 0.20291196562499997 0.8327656046874999 0.213180171875 0.8250784390625 0.35496793437499996 0.8153495515625 0.407526084375 0.8211988421875 0.42610030156249995 0.8615290468750001 0.44638835312499997 0.8794845984374999 0.4598309359375 0.90256493125 0.5101884015625 0.9130748203125 0.5517480765625 0.9000402046874999 0.567522928125 0.8385146234375 0.5742466875 0.8289613328125001 0.6367687656250001 0.8160521749999999 0.6757017656250001 0.7921783640625 0.71744400625 0.7857865140625 0.7453127390625001 0.7830014515625 0.7630958296875 0.7945463265625 0.77397259375 0.8090017203125001 0.790346128125 0.853992525 0.8036061437500001 0.8704300890625 0.857142921875 0.869520565625 0.8754177984375 0.8565925765625 0.8876432640624999 0.835387784375 0.9009131546875 0.7674515234375 0.9554335015625 0.7175962765625 0.9578216890625001 0.6773915328125 0.9518380734375 0.6291420734375001 0.9508693203125 0.5515270640625001 0.9363971265625001 0.44861746562500004 0.9335977609375 0.34676168125 0.8527037843749999 0.15723575781250002 0.8481247906249999 0.1177272796875 0.8221524625000001 0.1047804609375 0.7718558515625 0.096484825 0.6413149265625 0.09176773125 0.547257959375 0.10116731718750001 0.4176298703125 0.1296640671875 0.337015484375 0.1621439796875 0.3017486421875 0.192312425 0.24991582499999998 0.255221121875 0.20113566875000002 0.3444688046875 0.176137034375 0.366950084375 0.1655596109375 0.4057528796875 0.1507683265625 0.41833273593750003 0.139886625 0.44606425312500003 0.09844372500000001 0.5057142953125 0.0819386046875 0.5406688 0.059313343750000004 0.6495060703125 0.057706406249999995 0.8028699687499999 0.08074284375 0.8360932265625 0.096198603125 0.8900570999999999 0.12009195937499999 0.9120930328125001 0.175768565625 0.9043086515625 0.1880548890625 0.8853181171875001 0.20291196562499997 0.8327656046874999