14 0.09999382343749999 0.685811365625 0.08964046875000001 0.7654403765625 0.08865538437500001 0.84573224375 0.104437725 0.9098722171875 0.117034825 0.930028290625 0.1277641484375 0.9349156125 0.1820046609375 0.9214151484374999 0.195441915625 0.8835611796875 0.1952828109375 0.854652784375 0.1758368609375 0.8378650671875001 0.16447111718750002 0.7173441578124999 0.1477330984375 0.65781515 0.13367360156250002 0.6312257531250001 0.11453168437500001 0.6210646093750001 0.1033534 0.6318325390624999 0.0993279984375 0.6458586828125 0.09999382343749999 0.685811365625
14 0.4556830515625 0.8824347250000001 0.46964120156250005 0.9068152640625 0.48616235625000004 0.9107363375 0.5505241296875 0.8888700515625001 0.56139838125 0.8714755484375001 0.5640049671875 0.8265254015625001 0.5452106640625 0.798500146875 0.5357846328125 0.7711377500000001 0.5287624984375 0.694407490625 0.5198867703125 0.6535986984375 0.49514153125 0.597631296875 0.470410471875 0.5928541171874999 0.4584791984375 0.6126507265625001 0.43820726875 0.7050632734375 0.441913409375 0.81128168125 0.4556830515625 0.8824347250000001
14 0.8956594156250001 0.8045820156250001 0.902146475 0.7678875484375001 0.8989176484374999 0.7483943296875 0.879124084375 0.7494707234375 0.7912909609375001 0.7685754375 0.7810683546875 0.7747324015625 0.7794610296875 0.790580903125 0.78636764375 0.813912084375 0.81292289375 0.8584486984374999 0.8709425328125 0.8509950578125001 0.8799054296875 0.8428224859375 0.8956594156250001 0.8045820156250001
13 0.610761259375 0.5226983640625 0.64173310625 0.5108540421875001 0.6410095234375001 0.44420182031250005 0.6253143484375 0.3310804828125 0.5998738796875001 0.3108413015625 0.5730287749999999 0.3108683375 0.56648395625 0.320863265625 0.566439321875 0.523415290625 0.610761259375 0.5226983640625
13 0.91344238125 0.454396009375 0.9186839078125001 0.466876153125 0.9372177625000001 0.46378415312500004 0.932599528125 0.33768603124999996 0.9167158421874999 0.2713372 0.9096643015625 0.2702878421875 0.9076080187500001 0.301791596875 0.9160489671875001 0.40944586093749996 0.91344238125 0.454396009375
12 0.1810663109375 0.443032303125 0.199600165625 0.43994030312500004 0.2060436421875 0.4277365171875 0.2051751296875 0.3833661171875 0.19645850625 0.3714657234375 0.1825581140625 0.3737847234375 0.172943571875 0.39319483125 0.172552375 0.4355496234375 0.1810663109375 0.443032303125
15 0.2511773796875 0.2666291046875 0.20310467031249999 0.3636796515625 0.200237634375 0.3775125453125 0.20362556562499998 0.425914159375 0.23097738906249998 0.4369314109375 0.2861735796875 0.4188199828125 0.31326495312499997 0.3987199796875 0.32080903437499997 0.35962340625 0.33369598749999996 0.33521583125 0.3334355390625 0.3040985765625 0.3418339546875 0.258182178125 0.3552276265625 0.244818890625 0.3646830640625 0.19650038593750002 0.37419626250000004 0.17488141875000002 0.3725311765625 0.16403038125 0.3620045390625 0.1635607734375 0.314163921875 0.18934813281250001 0.2511773796875 0.2666291046875
15 0.336229584375 0.39043726562500003 0.35833988125 0.388974375 0.46495312968749997 0.34670469375 0.4763493296875 0.21348335624999998 0.4740761796875 0.189379175 0.4838934109375 0.17438678125 0.48308265937500006 0.15671592031249998 0.4760311203125 0.1556665625 0.383868565625 0.18217085 0.377526434375 0.19658349375 0.3847806609375 0.202050565625 0.36750651562500003 0.2071581734375 0.3397918484375 0.340876153125 0.336229584375 0.39043726562500003
2 0.17572238906249998 0.6064046453125 0.18553856875000002 0.76947359375 0.1926478703125 0.7972224906250001 0.2915143484375 0.7896316718749999 0.3224861984375 0.77778735 0.3041854859375 0.53155481875 0.305778634375 0.4645160953125 0.3161897484375 0.411586625 0.31442332031250003 0.39852673125 0.3096885125 0.3970908734375 0.3009283046875 0.409681159375 0.2173810296875 0.4458769828125 0.1870172453125 0.47097445000000004 0.1769101609375 0.5305304921875 0.17572238906249998 0.6064046453125
2 0.43842413437500005 0.7606712078125 0.43914876875 0.6492620890625 0.45041421875000004 0.5895127953125 0.448430925 0.5208449640625 0.455627390625 0.4996124984375 0.45811845625 0.4012632734375 0.46409879531250003 0.3535245171875 0.45231244843749996 0.3510393015625 0.3204178375 0.4019781953125 0.3097026890625 0.44828109375 0.3048371328125 0.52031728125 0.31511644843750003 0.7189212 0.3236445625 0.7775941000000001 0.43842413437500005 0.7606712078125
11 0.71213508125 0.1118258515625 0.6405190828125 0.1282250640625 0.624808678125 0.1419748515625 0.6185678890624999 0.1585963546875 0.6012937453125 0.16370396250000002 0.6166129515625001 0.1923089640625 0.6292819875 0.29035479999999997 0.6507983984375 0.32682898437499996 0.6997537984375 0.3253390546875 0.7588304609375001 0.3154833078125 0.7687490343750001 0.30269976875000004 0.782649425 0.30038076875 0.7947398046874999 0.30949255937500003 0.9057402453125001 0.2865228453125 0.9034670984375 0.2624186625 0.894041065625 0.235056265625 0.8411768359374999 0.1259100703125 0.8366882984374999 0.10440124843750001 0.77121174375 0.1019701015625 0.71213508125 0.1118258515625
0 0.752184296875 0.3232693796875 0.63498665 0.3383699140625 0.6325249921875 0.36103823749999997 0.646974634375 0.5233341859375 0.6508551078125 0.5315898671875 0.6864745984375 0.570162765625 0.8020071578125 0.5442111953125 0.831415265625 0.52372469375 0.8576087234375 0.5349351953125 0.8913026796875 0.531539803125 0.900265575 0.5233672312500001 0.9126458078124999 0.4879153703125 0.9146007484374999 0.4542027578125 0.916237478125 0.3626733546875 0.908665040625 0.299389490625 0.9002524484375 0.2941156671875 0.81453336875 0.308416165625 0.7735851859375 0.3063444859375 0.752184296875 0.3232693796875
10 0.9077660734374999 0.5087613375 0.9004682624999999 0.527784946875 0.8903470015625 0.5361507671875 0.7356326859375 0.5730905515625 0.68310084375 0.572951371875 0.63488425625 0.5142223984375 0.518844975 0.5291296828125 0.518294671875 0.542576078125 0.5311958015625 0.5693587250000001 0.5545941640625001 0.6722918796874999 0.5521030984374999 0.77064110625 0.5595600140625 0.7805258937499999 0.6455253640625 0.746152428125 0.6712556843749999 0.7218279625 0.751284278125 0.7107025703125001 0.78784526875 0.6934742843749999 0.8966303218749999 0.6730999296875 0.92115869375 0.6734593953125 0.9364779000000001 0.702064396875 0.9547077234374999 0.6923458250000001 0.9587331234375001 0.67831968125 0.9472518578125 0.50439969375 0.9362620843749999 0.4683951171875 0.9301662234375 0.46273479531249995 0.9140504437500001 0.467649153125 0.9077660734374999 0.5087613375
1 0.2091832015625 0.852333784375 0.21930446250000002 0.8439679625000001 0.36082779375 0.8248091796875 0.4134609796875 0.8271572171875 0.432762003125 0.8662267578125 0.45336631875 0.8828212234375 0.46722312656250004 0.9049929062500001 0.51774226875 0.9121451593750001 0.559038065625 0.8963527296875 0.5736772703125 0.8338148296875 0.580222090625 0.8238198999999999 0.6424698203125 0.8067578296875 0.680942165625 0.7803076124999999 0.7225419953125 0.77114175625 0.750342778125 0.76650375625 0.7683263296875 0.77685815 0.7794610296875 0.790580903125 0.796648009375 0.8344546578125 0.810200784375 0.84999976875 0.86368830625 0.8455279843750001 0.8817154421875 0.8313916984375 0.893545371875 0.8093862312500001 0.9055638109374999 0.740608259375 0.9591384984375001 0.6871551109375 0.96078940625 0.6468159265625 0.953926378125 0.5989940640625 0.9515377062500001 0.5214908046875 0.935190884375 0.41960700468749995 0.9305290656249999 0.3179995625 0.8462156750000001 0.1339725015625 0.8409163875000001 0.09479281875 0.8147229296875 0.083582315625 0.76430513125 0.0786389203125 0.633757396875 0.082612059375 0.5399297562500001 0.09826530781250001 0.4109021796875 0.1353713078125 0.3309313484375 0.17319623906249998 0.29623812968749996 0.2056932765625 0.2455882390625 0.27201306875000003 0.19847120625 0.3644526515625 0.17389925 0.38858386718750004 0.1640384375 0.4280669453125 0.1494863984375 0.44162348125 0.139118865625 0.47006226875 0.098792925 0.532433953125 0.08293759375000001 0.5684655656250001 0.06231805 0.678742221875 0.0635189484375 0.8321196343749999 0.087149403125 0.863789603125 0.10358339218749998 0.9166920375000001 0.12786549375 0.9371244703125001 0.1833657140625 0.9256396140625001 0.19529698906249998 0.9058430046874999 0.2091832015625 0.852333784375
8 0.8405897281250001 0.49387795468749995 0.8273038171874999 0.3851607359375 0.7361572359374999 0.3996410078125 0.7453740671875 0.51076609375 0.8405897281250001 0.49387795468749995