6 0.4152522921875 0.42329821093750003 0.3975850484375 0.422477465625 0.3861064375 0.4325242578125 0.4056668640625 0.50878875 0.5209922437500001 0.5547390890624999 0.5344957953125 0.5568778421875 0.57095656875 0.538923009375 0.5669066859375 0.5145519203125 0.5555418859375 0.49890961562499997 0.4152522921875 0.42329821093750003
6 0.7878341390625 0.555475803125 0.798587865625 0.5749762656249999 0.809856803125 0.5787385609375 0.8251935703125 0.5693028390625 0.83516245 0.5313323359375001 0.83040563125 0.4989393953125 0.8122411250000001 0.4762877109375 0.800666653125 0.47445449375 0.7878341390625 0.555475803125
12 0.28441636875 0.3254544703125 0.3314211953125 0.3408091875 0.34179147187500003 0.3127896125 0.3382567984375 0.2726803578125 0.28626753437499997 0.2763108921875 0.2722487734375 0.28991030625 0.2705114203125 0.31336478749999996 0.28441636875 0.3254544703125
5 0.5273603671875 0.1899155765625 0.37567007812500003 0.173800078125 0.376323165625 0.29452924375 0.38524367656249997 0.3256041796875 0.41945188437500003 0.34684199375 0.7174466265625 0.38810731249999997 0.6740303203125 0.3001545359375 0.623394959375 0.23281055468749998 0.5930449078125 0.2121838109375 0.5273603671875 0.1899155765625
12 0.7312557140625 0.3883169859375 0.73857063125 0.37958819843749997 0.73837890625 0.35582818125000004 0.7118870140625 0.3358125109375 0.6964543828124999 0.333368221875 0.6975627140625 0.35134100468749996 0.7180576984375 0.3842491546875 0.7312557140625 0.3883169859375
7 0.44560234374999996 0.4439249546875 0.49361964062499997 0.46537244375000003 0.7075377125 0.513096034375 0.7970960828125 0.5094834500000001 0.8033985296875 0.49466189062500004 0.7899129265625 0.4549540328125 0.7238449359375 0.3851657625 0.709424775 0.3888142453125 0.4027012484375 0.34023401249999996 0.389083884375 0.36378435468750003 0.40115561875 0.3874485125 0.4390123109375 0.42310648593750005 0.44560234374999996 0.4439249546875
4 0.5693330249999999 0.53668839375 0.6253721718749999 0.5574289484375 0.6623302046874999 0.5613050562499999 0.6836459359375 0.5765459609375 0.702936721875 0.579601321875 0.7275174859375 0.5617423515625 0.7798122875 0.5561827375 0.7938310484375 0.5425833250000001 0.796790546875 0.5114125265625 0.65352350625 0.504541025 0.5244849 0.470261021875 0.49879580468749996 0.470147209375 0.561730521875 0.5097771546875001 0.5693330249999999 0.53668839375
14 0.2742680015625 0.7391160250000001 0.278317884375 0.763487115625 0.29556578125 0.7919260375 0.3219618125 0.8000617 0.35689490468749996 0.791752259375 0.370913665625 0.7781528453125001 0.350226959375 0.7214846781250001 0.3601179234375 0.6340650609375 0.358626140625 0.56857224375 0.3449488125 0.50510436875 0.333278478125 0.49139114531250006 0.31601263125 0.5005213281249999 0.30249113125 0.5359516796875 0.279288340625 0.6449925624999999 0.2742680015625 0.7391160250000001
14 0.1808633046875 0.5048229 0.1881003078125 0.446645 0.183151765625 0.390492040625 0.1735063734375 0.38896436093750003 0.1678149984375 0.3999277609375 0.14214996875000002 0.56197038125 0.1484344671875 0.584717928125 0.1745249609375 0.59478266875 0.19117973593749998 0.5895106421875 0.19667938437500002 0.5547872234375 0.1808633046875 0.5048229
15 0.34461921093750003 0.3448770171875 0.3573199640625 0.3271139109375 0.36425143125 0.2708650890625 0.36388593125 0.1857759484375 0.34988511875 0.1618062578125 0.32003232812500004 0.163010453125 0.283266021875 0.182894365625 0.239070984375 0.2371961578125 0.223925940625 0.270391896875 0.261686771875 0.29416986093749997 0.2808637484375 0.32291431875 0.34461921093750003 0.3448770171875
2 0.199219534375 0.5512346015625 0.279593875 0.643063484375 0.293115375 0.6076331328125 0.3090991125 0.51920104375 0.3255621640625 0.490169 0.34221693750000004 0.484896971875 0.34744695000000003 0.3769644234375 0.3279644359375 0.3501490453125 0.28775931718750003 0.34180370937500004 0.257523078125 0.29548786875 0.22554948437500003 0.272626509375 0.20797810156250002 0.2836857734375 0.1809351 0.354546478125 0.18279238281250001 0.5051284359375 0.199219534375 0.5512346015625
3 0.35931297500000003 0.65730768125 0.3451635296875 0.71259305625 0.3568322328125 0.7297216546875 0.39475482500000003 0.762693515625 0.4566383921875 0.7805845625 0.504544028125 0.7845766703125 0.5927849468749999 0.7949572578125 0.6841683749999999 0.7968470625 0.7563998953125 0.79480465625 0.802377528125 0.7769189859375001 0.8062661671875 0.7523670734375 0.802687921875 0.7068578125 0.8147460093750001 0.681802115625 0.8306927359375 0.6321945015625 0.8369423375 0.592736071875 0.8344233984375 0.5518888421875 0.8042727125000001 0.5776743578125 0.7811613328125 0.5533403140625001 0.7549864328125 0.5653739265625 0.7220308906249999 0.5691427859375 0.7025494906249999 0.578641140625 0.6867225453125 0.5707412953125 0.6575086015625 0.5679119625 0.5684942921875 0.5340387718749999 0.526250103125 0.562403115625 0.41873471562500003 0.5148134359375 0.40332440781249995 0.5042830296874999 0.3971510140625 0.48083400000000004 0.372079 0.502929646875 0.34433284531249997 0.519208646875 0.366749825 0.547926959375 0.3602660375 0.5945391 0.35931297500000003 0.65730768125
1 0.26492814375 0.7356592656250001 0.2777068125 0.7673452734375 0.302671025 0.7970063374999999 0.33028920156249997 0.7974256859375 0.3616696703125 0.7865760953125001 0.372537209375 0.7803874609375 0.36888872500000003 0.7659673 0.44838235312499997 0.7884452109375 0.5669727671875 0.8012956734375001 0.729129196875 0.8012716078125001 0.790056921875 0.7911469 0.8091559859374999 0.77044224375 0.8125348296875 0.711653271875 0.8378763749999999 0.5891088375 0.8249239312500001 0.496093709375 0.73318479375 0.388622521875 0.734922146875 0.365168040625 0.723862884375 0.3475966578125 0.6929017609375 0.33082807187499996 0.620147875 0.228341325 0.5392403765625 0.18981971250000002 0.46878106875 0.1727276421875 0.37425620937500004 0.157756375 0.3059177046875 0.1647298578125 0.2791023265625 0.18421237031249998 0.2311449953125 0.2497831015625 0.2084933109375 0.2679476078125 0.16997169843749999 0.34885510625 0.1550962953125 0.455259975 0.1345474640625 0.5350591390625 0.143258303125 0.5799431625 0.1568577171875 0.593961921875 0.174219425 0.5967117484375 0.1992015875 0.58880370625 0.2035749546875 0.5736766125 0.2576670734375 0.6316807359375 0.2667972578125 0.648946584375 0.260992071875 0.6855990796875 0.2692056484375 0.7086521640625 0.26492814375 0.7356592656250001