1 0.3007736796875 0.884472509375 0.4202147671875 0.8608000453125 0.43583024843749996 0.8615286375 0.4816951453125 0.90126980625 0.5222953968749999 0.9031641421875 0.5840682625 0.8726230703125 0.6168260796875 0.815660746875 0.6261061421874999 0.7596919484375 0.67571380625 0.7160495390625 0.702260125 0.7172881421875 0.830326909375 0.6626838125 0.8459423921875 0.6634124031249999 0.869891084375 0.7042199546875 0.8791513109375 0.70882993125 0.931173175 0.6924565828125 0.9410877687499999 0.672029628125 0.9445578828125001 0.5990781046875 0.95792275625 0.566278403125 0.9621909921875 0.5226094906250001 0.9373896484375001 0.4546057390625 0.9291109687500001 0.412440365625 0.90483509375 0.384151278125 0.8693012 0.36787064375 0.7910255046875 0.31199455781249996 0.7149458875 0.29173317499999996 0.573534065625 0.318558434375 0.4123475859375 0.384151190625 0.36591755 0.42585290625 0.28834577499999997 0.5225033953125 0.26706409999999997 0.559111621875 0.1434093078125 0.6243665859374999 0.0876099828125 0.6656311484375 0.071340134375 0.6899394890625 0.052581721875 0.7496439546875 0.026615403125 0.7860336046875 0.03026396875 0.8258939890624999 0.05221486875 0.8833199703125001 0.06884659374999999 0.9049855296875 0.1298560328125 0.9036542109375001 0.160596221875 0.9238890921875 0.1948412203125 0.9296648125000001 0.23102948125 0.9209085171875 0.3007736796875 0.884472509375
14 0.920078746875 0.6982058015625 0.9378556124999999 0.67605673125 0.9376771609375 0.5632448250000001 0.9141647125000001 0.5057459828125 0.9004379609375001 0.4925717875 0.8830973406249999 0.4980295703125 0.8684435718750001 0.52032435625 0.8606506906250001 0.639031203125 0.8476675312499999 0.6572260296875 0.8518068718749999 0.6783087140624999 0.8744121375 0.7106977640625 0.920078746875 0.6982058015625
14 0.47498298906249997 0.6795273765625 0.46537574218750005 0.748014640625 0.46346717656249997 0.8210390234375 0.4410056671875 0.842969515625 0.43906240625 0.8575015328125 0.45402352187500006 0.8832670546875001 0.473996465625 0.8967326890624999 0.51448765625 0.9027998453125001 0.555524153125 0.8880028937500001 0.5827248375 0.8642045671874999 0.5976512578125 0.8314777250000001 0.6067132 0.7838545703124999 0.602048390625 0.7230572171875 0.58886694375 0.6890189109375 0.5528075796875 0.633023609375 0.5168374421874999 0.6334342609375 0.47498298906249997 0.6795273765625
6 0.42690217812500003 0.6647502796875 0.43191400625 0.652450390625 0.41141559218749996 0.5992700921874999 0.3581048328125 0.6051385265625 0.29950959374999997 0.6337389046874999 0.277048084375 0.655669396875 0.2670789609375 0.6781827625 0.2594348109375 0.671559234375 0.24902944374999997 0.7107638875 0.2723981359375 0.7139431843749999 0.42690217812500003 0.6647502796875
12 0.6840569671875001 0.39682866875 0.6385539484375 0.4030613984375 0.6118242031250001 0.46866080312499997 0.6368635046875 0.4677401375 0.688994428125 0.4471939671875 0.6974020046875 0.42460774375000004 0.6840569671875001 0.39682866875
5 0.5756359421874999 0.4774171 0.58694849375 0.4633222359375 0.5990244703125 0.4200176203125 0.6135344828125 0.343403290625 0.6093406124999999 0.3244070140625 0.5229101578125 0.341263875 0.40755388124999997 0.388105434375 0.349593171875 0.4522476578125 0.2828977046875 0.5514945703125 0.3459049359375 0.533544821875 0.3981994515625 0.5067394203125 0.5756359421874999 0.4774171
15 0.8496356031250001 0.40246531875 0.845605325 0.37720981249999996 0.8261776859375001 0.34288006875 0.775464553125 0.30917955468749997 0.7258221953125 0.2943295984375 0.6269538859375 0.308517178125 0.6093951421875 0.322320603125 0.60803188125 0.3744808765625 0.59729933125 0.42620399375 0.602291321875 0.47448288125 0.8068739671875 0.42344864531250004 0.8496356031250001 0.40246531875
2 0.5970748953125 0.48373474375000003 0.591470896875 0.4806246953125 0.6063923546875001 0.5079076078125 0.629556434375 0.6276790390625 0.63900458125 0.7012333046875 0.633639434375 0.716175378125 0.786024459375 0.6501719609375 0.86217979375 0.61859280625 0.86319604375 0.5797096953125 0.8672249765625001 0.534320471875 0.8687775156249999 0.50210905625 0.88455073125 0.469611628125 0.8588426515625001 0.4199863546875 0.8478081640624999 0.40712768125 0.8040645328125 0.42217813125000003 0.7268118359375 0.44136225937500007 0.6775633562500001 0.4495091875 0.6230240859375 0.4697530828125 0.5894902328125 0.47483512968749997 0.5970748953125 0.48373474375000003
7 0.446819253125 0.5498375140625 0.509562846875 0.5147840140625 0.5587707703125 0.4809980140625 0.461008390625 0.4963766234375 0.360158965625 0.5211064453125 0.2798440109375 0.5486934203125 0.25362216718749997 0.57310713125 0.1738187140625 0.6083141734375 0.079075771875 0.6713099171875 0.08014835000000001 0.6846533109374999 0.0794295390625 0.712156 0.1160504359375 0.697722740625 0.1776132921875 0.680655128125 0.2290655171875 0.669762446875 0.2559137796875 0.6757627640625 0.2727595734375 0.6566087328125 0.3193018234375 0.6160516828125 0.380179671875 0.5980025828125 0.388334425 0.58508971875 0.446819253125 0.5498375140625
4 0.1407760703125 0.7577469515625 0.1725523375 0.7383400250000001 0.21710490937500002 0.7195292171875 0.2353297359375 0.6748023484375001 0.19746275468750002 0.6825307953124999 0.155972440625 0.6929387578124999 0.10589023125000001 0.7057944109375 0.07781165625 0.7196767140625 0.0824489765625 0.7597731375000001 0.1122603515625 0.7611640828125 0.1407760703125 0.7577469515625
3 0.4625924390625 0.8164404890625001 0.4640300609375 0.7614351078125 0.4696115328125 0.6838344734375 0.479368396875 0.6368134546875 0.42931097500000004 0.648720740625 0.42477955625 0.6589540890625 0.3967257671875 0.6718880265625 0.2863763578125 0.706619371875 0.2483110859375 0.721934765625 0.1758286578125 0.74893766875 0.11358079375 0.76502379375 0.0697718203125 0.7553835421875 0.048552340625 0.75154490625 0.032069329687499995 0.784009215625 0.0336038359375 0.806869415625 0.06057376875 0.8897869437500001 0.0729534890625 0.9055569609375 0.20126182343750001 0.8906540484375001 0.344187425 0.8602912234375 0.4093488265625 0.8414924640624999 0.4625924390625 0.8164404890625001