6 0.528067015625 0.5377460859375 0.4841433984375 0.569193809375 0.47023248906250004 0.6385578453125 0.48173642031249997 0.64152489375 0.6885381578125 0.5635490062499999 0.72358444375 0.5215216890625001 0.7421408484375001 0.46628818125000004 0.5398381921875 0.5152489046875 0.528067015625 0.5377460859375
6 0.2050582015625 0.554579946875 0.198904484375 0.5128692671875 0.1891998359375 0.4669267515625 0.1647807734375 0.4098939625 0.1616673125 0.3782522015625 0.15354408749999998 0.38146268125 0.14126223437500002 0.40979694375 0.131923615625 0.47171866093750003 0.1442548609375 0.51004863125 0.17713759843750002 0.559979553125 0.19751886406250002 0.5735261953124999 0.2050582015625 0.554579946875
14 0.7254128296875 0.9039958499999999 0.7512175156249999 0.900371709375 0.7661991718750001 0.8859977499999999 0.7901789984375001 0.8135934593749999 0.8049410375000001 0.734500959375 0.8232284312499999 0.5478846796875 0.8126726515625 0.5116706265625 0.7983718984375 0.5182618171875 0.7738081890624999 0.5749303375 0.735893640625 0.76179005 0.735335334375 0.8578099 0.7183109625 0.8955321734374999 0.7254128296875 0.9039958499999999
14 0.949453265625 0.3824752171875 0.9325991218749999 0.418251796875 0.9085222749999999 0.5141746265625 0.905264165625 0.5962341734375001 0.8898450375 0.638018059375 0.896266 0.65426450625 0.922411134375 0.6467489796875 0.9378302656249999 0.6049650953125 0.9594251625 0.4029535 0.949453265625 0.3824752171875
5 0.7788311 0.13655507656250002 0.697543140625 0.12855212656249998 0.5935701328125 0.11499979062500001 0.5078934203125 0.116415803125 0.444172103125 0.1215350140625 0.392645240625 0.19099454531249999 0.336464225 0.26272041874999996 0.35840879531250003 0.2869197015625 0.3999317671875 0.30124659375 0.4978686859375 0.31248848749999997 0.6076123812499999 0.32119864531250003 0.6731690609375 0.3358458625 0.74092553125 0.335535559375 0.7821939265625 0.3222137453125 0.79655409375 0.2904966109375 0.801052696875 0.21870499062499998 0.8026659546875001 0.1493344609375 0.7788311 0.13655507656250002
12 0.8322486484375 0.287915959375 0.8184347593749999 0.33376145468749996 0.8213047890625 0.3457760640625 0.8874583421875 0.35156375 0.9102227718749999 0.3378706953125 0.9215802890625 0.29769205 0.8725243125000001 0.2757549375 0.848835546875 0.2776036109375 0.8322486484375 0.287915959375
15 0.8939269328125 0.2776274234375 0.9094192703124999 0.2574163875 0.91129175625 0.236013765625 0.8911045312500001 0.1754300453125 0.8605811453125 0.1433508109375 0.8407837656250001 0.1455399359375 0.8230052859375 0.1694721328125 0.8266294234375 0.19527681562500002 0.8170473734374999 0.237571378125 0.8327593265625 0.28207888125 0.8610203828125 0.2727878890625 0.8939269328125 0.2776274234375
2 0.9415972874999999 0.360221465625 0.9433233640625 0.295673153125 0.922698665625 0.26249935468749996 0.9145754437500001 0.26570983593749997 0.9032179234375001 0.30588848125 0.8775834671875 0.307566925 0.862698828125 0.298422346875 0.8544785859375 0.32515136718750004 0.8400076046875 0.3336882484375 0.8290143531249999 0.324884121875 0.8148838265625 0.3295296171875 0.808001578125 0.3857844828125 0.8154200828124999 0.4354481578125 0.8089514921875001 0.5093844828125 0.8185829359374999 0.5337541531250001 0.8180484437500001 0.5846826171874999 0.7965505687500001 0.7631756734375 0.8087354031249999 0.7583599515625 0.8326182093750001 0.7094742 0.90356190625 0.6156911015625 0.9415972874999999 0.360221465625
7 0.696815890625 0.34058821875 0.64371826875 0.32613985 0.4924075 0.3137930484375 0.396703646875 0.29739946875 0.3429537421875 0.2802205078125 0.3146194828125 0.2679386515625 0.2407278984375 0.3078150921875 0.158125359375 0.3861411328125 0.1949833515625 0.42323045 0.38020021875 0.4554759828125 0.55930361875 0.486295478125 0.6139820265625 0.4928615703125 0.7387822703125 0.4618949375 0.7879213140625 0.39935590312499997 0.7755945609375 0.3670863140625 0.7775730453125 0.3342859234375 0.696815890625 0.34058821875
4 0.53252849375 0.507123515625 0.4575420265625 0.5085836265625 0.41074589375 0.503598321875 0.3531821421875 0.4994533203125 0.2877028359375 0.48392169531249996 0.24379204843750002 0.476515296875 0.194773675 0.4561855921875 0.20313183124999998 0.5032579515625 0.212606521875 0.5477544671875 0.2206992734375 0.587674203125 0.23699463281250002 0.6051410171875 0.29001488124999997 0.620473790625 0.3458430984375 0.634269878125 0.4209069421875 0.6319253640625 0.468399453125 0.6289510171875 0.4733847578125 0.582154884375 0.49489754843749995 0.55017235 0.53252849375 0.507123515625
1 0.766028946875 0.8879434406250001 0.7825426390625 0.8560582484375001 0.79873969375 0.782973053125 0.8451434953125 0.7007670921875 0.8867077609375 0.65146768125 0.9142879125000001 0.6499594609375 0.9253781859375 0.6352450515625 0.941915690625 0.5582684687499999 0.955801021875 0.37714881562499997 0.9456095078125 0.2919519921875 0.880038071875 0.1450530703125 0.8415616890625 0.114238625 0.716113015625 0.0914997734375 0.6029223828125 0.085518046875 0.48997518125 0.09916347656249999 0.422946684375 0.1481956390625 0.3329597171875 0.25795793749999996 0.232513990625 0.30798764218749997 0.156000459375 0.3757958296875 0.1139987203125 0.45250516406249996 0.0836711390625 0.5302358546875 0.07717873593749999 0.6492635671875 0.044735234375 0.728769725 0.052761437499999994 0.74907778125 0.1344567203125 0.8013186625 0.26581567968750003 0.8461410375 0.3829709015625 0.8740360624999999 0.420352725 0.8949518187500001 0.6973220015625 0.9113411484375 0.73497106875 0.906792671875 0.766028946875 0.8879434406250001
8 0.386786021875 0.7427177984375 0.3957357140625 0.6540425875 0.2360025796875 0.619303384375 0.2297591390625 0.7044816593750001 0.386786021875 0.7427177984375