6 0.33599999999999997 0.5233333328125 0.341 0.54 0.355 0.5616666671874999 0.392 0.5783333328125 0.42800000000000005 0.5783333328125 0.462 0.5633333328125001 0.484 0.5416666671875 0.483 0.5216666671875 0.462 0.485 0.41500000000000004 0.44000000000000006 0.391 0.43333333281249997 0.351 0.43666666718749997 0.337 0.4683333328125 0.33399999999999996 0.4933333328125 0.33599999999999997 0.5233333328125
6 0.768 0.43 0.778 0.44166666718750003 0.7929999999999999 0.44666666718750003 0.8220000000000001 0.44166666718750003 0.8320000000000001 0.42833333281249997 0.837 0.40833333281249995 0.833 0.365 0.82 0.3333333328125 0.786 0.3016666671875 0.772 0.3083333328125 0.764 0.3266666671875 0.758 0.36666666718749996 0.762 0.41 0.768 0.43
14 0.28300000000000003 0.6516666671875 0.279 0.7466666671875 0.279 0.7916666671875 0.29 0.865 0.31 0.9383333328125 0.32599999999999996 0.9650000000000001 0.352 0.9833333328125 0.38 0.975 0.40800000000000003 0.95 0.41900000000000004 0.9333333328125001 0.425 0.9116666671875 0.441 0.8983333328124999 0.389 0.8916666671875 0.374 0.875 0.337 0.7183333328125 0.318 0.6616666671875 0.292 0.6266666671875 0.28300000000000003 0.6516666671875
14 0.149 0.8166666671874999 0.16399999999999998 0.8416666671874999 0.20299999999999999 0.8416666671874999 0.215 0.8116666671875 0.21600000000000003 0.7716666671875 0.20600000000000002 0.76 0.183 0.75 0.175 0.7366666671875 0.162 0.6916666671875 0.144 0.5900000000000001 0.126 0.545 0.118 0.5683333328125 0.119 0.6016666671875 0.13999999999999999 0.7716666671875 0.149 0.8166666671874999
5 0.364 0.1416666671875 0.269 0.18 0.262 0.195 0.265 0.2366666671875 0.29100000000000004 0.3566666671875 0.301 0.3783333328125 0.314 0.38333333281250004 0.393 0.375 0.651 0.2966666671875 0.673 0.2866666671875 0.696 0.2666666671875 0.6809999999999999 0.23333333281250002 0.635 0.16499999999999998 0.591 0.11499999999999999 0.571 0.10166666718749999 0.507 0.10833333281249999 0.364 0.1416666671875
12 0.261 0.43 0.262 0.40499999999999997 0.251 0.365 0.24500000000000002 0.3533333328125 0.233 0.3466666671875 0.207 0.3483333328125 0.184 0.36833333281249997 0.178 0.39 0.183 0.43166666718749996 0.19 0.43666666718749997 0.255 0.43666666718749997 0.261 0.43
12 0.709 0.2 0.6769999999999999 0.20833333281250002 0.6719999999999999 0.2116666671875 0.6719999999999999 0.21833333281249998 0.697 0.265 0.733 0.2666666671875 0.734 0.2383333328125 0.73 0.21833333281249998 0.726 0.21000000000000002 0.709 0.2
15 0.153 0.3283333328125 0.15 0.3716666671875 0.182 0.3866666671875 0.189 0.365 0.20299999999999999 0.3533333328125 0.233 0.3466666671875 0.24300000000000002 0.3583333328125 0.251 0.3966666671875 0.257 0.395 0.258 0.32 0.251 0.25666666718750003 0.24 0.2 0.227 0.185 0.20800000000000002 0.1883333328125 0.182 0.225 0.153 0.3283333328125
7 0.36 0.43333333281249997 0.38937499999999997 0.43541666718750005 0.41500000000000004 0.4447916671875 0.44312500000000005 0.465625 0.46749999999999997 0.484375 0.48562500000000003 0.46979166718750004 0.524375 0.4583333328125 0.564375 0.43854166718750004 0.6012500000000001 0.425 0.65625 0.40729166718750004 0.6975 0.39375 0.7381249999999999 0.3864583328125 0.760625 0.384375 0.759375 0.365625 0.7625 0.33645833281250004 0.7775000000000001 0.2927083328125 0.7212478296875 0.264008246875 0.7125 0.2625 0.691875 0.2625 0.665625 0.27395833281250004 0.635 0.2979166671875 0.576875 0.315625 0.5175 0.3385416671875 0.46375 0.3541666671875 0.416875 0.365625 0.374375 0.384375 0.3325 0.3864583328125 0.311875 0.3885416671875 0.318125 0.4125 0.335 0.4447916671875 0.340625 0.440625 0.36 0.43333333281249997
4 0.6068749999999999 0.7864583328125 0.673125 0.7541666671875 0.7150000000000001 0.7447916671875 0.745625 0.7270833328124999 0.7787499999999999 0.7114583328124999 0.79875 0.6885416671875 0.81875 0.6614583328125 0.829375 0.6208333328125 0.8331250000000001 0.58125 0.83125 0.5541666671875001 0.83125 0.55 0.8162499999999999 0.5416666671875 0.80625 0.553125 0.7893749999999999 0.5625 0.760625 0.5729166671875 0.7162499999999999 0.5802083328125 0.683125 0.6020833328124999 0.65 0.6177083328124999 0.6068749999999999 0.6302083328125 0.5818749999999999 0.6416666671875 0.5575 0.6458333328125 0.53 0.6489583328124999 0.509375 0.6677083328125 0.49375 0.678125 0.48125 0.7052083328125 0.49812500000000004 0.740625 0.526875 0.778125 0.5475 0.8052083328125 0.6068749999999999 0.7864583328125
4 0.774375 0.48854166718750003 0.783125 0.46666666718750005 0.7631249999999999 0.446875 0.7462500000000001 0.43958333281249995 0.7125 0.446875 0.649375 0.47083333281249995 0.5962500000000001 0.4916666671875 0.56375 0.5083333328124999 0.5431250000000001 0.509375 0.5193749999999999 0.525 0.50625 0.5541666671875001 0.49437499999999995 0.578125 0.525 0.5802083328125 0.5706249999999999 0.578125 0.61375 0.5739583328125 0.650625 0.5635416671875 0.684375 0.5510416671875 0.7212500000000001 0.5333333328125 0.750625 0.509375 0.774375 0.48854166718750003
15 0.2582703484375 0.49428294531250005 0.259963115625 0.45196379843749995 0.24874999999999997 0.4322916671875 0.22749999999999998 0.42395833281249995 0.19375 0.428125 0.185 0.421875 0.18875 0.403125 0.16625 0.3885416671875 0.150625 0.3802083328125 0.133125 0.40416666718750005 0.12687500000000002 0.4614583328125 0.12562500000000001 0.509375 0.135 0.546875 0.145625 0.590625 0.1575 0.65625 0.168125 0.7229166671875 0.195625 0.73125 0.230625 0.753125 0.26437499999999997 0.771875 0.27 0.7510416671875 0.26625 0.675 0.2625 0.5916666671875 0.26049694218749997 0.5603688828125 0.260625 0.5885416671875 0.260625 0.5895833328125 0.2594552234375 0.544092040625 0.2575 0.5135416671875 0.25761194062500004 0.510743159375 0.255 0.5177083328125 0.255 0.515625 0.255 0.5135416671875 0.25375000000000003 0.5072916671875001 0.25187499999999996 0.4875 0.25375000000000003 0.4760416671875 0.2575 0.4604166671875 0.2575 0.459375 0.2575 0.4583333328125 0.2582703484375 0.49428294531250005
1 0.215 0.7783333328125 0.22999999999999998 0.78 0.271 0.8066666671875 0.281 0.8216666671875 0.288 0.8616666671875001 0.314 0.9466666671875 0.341 0.9783333328125 0.364 0.9816666671875 0.40099999999999997 0.96 0.41500000000000004 0.9433333328125 0.429 0.9133333328125 0.458 0.8916666671875 0.508 0.8766666671875001 0.563 0.8483333328124999 0.6719999999999999 0.8150000000000001 0.744 0.7833333328125 0.7889999999999999 0.8033333328125 0.82 0.7983333328125 0.8390000000000001 0.7866666671875 0.8619999999999999 0.755 0.8699999999999999 0.725 0.8880000000000001 0.6849999999999999 0.8939999999999999 0.6366666671875 0.893 0.605 0.875 0.505 0.85 0.4183333328125 0.841 0.4016666671875 0.836 0.36666666718749996 0.825 0.3383333328125 0.7969999999999999 0.305 0.739 0.2683333328125 0.736 0.24 0.721 0.2033333328125 0.7070000000000001 0.1966666671875 0.6809999999999999 0.2 0.671 0.195 0.636 0.1483333328125 0.585 0.0983333328125 0.5469999999999999 0.075 0.515 0.06833333281250001 0.40199999999999997 0.08333333281250001 0.383 0.095 0.275 0.1233333328125 0.22200000000000003 0.1483333328125 0.195 0.17333333281250002 0.174 0.205 0.15 0.2733333328125 0.134 0.3783333328125 0.12 0.40499999999999997 0.11699999999999999 0.4483333328125 0.11699999999999999 0.595 0.13799999999999998 0.7683333328125 0.156 0.835 0.16599999999999998 0.8416666671874999 0.19 0.8416666671874999 0.20400000000000001 0.835 0.21200000000000002 0.8099999999999999 0.215 0.7783333328125
8 0.7389714921875 0.6969255750000001 0.727862959375 0.5932560265625 0.6127777609375 0.63240740625 0.625664815625 0.7413553687500001 0.7389714921875 0.6969255750000001