6 0.3402091953125 0.565804815625 0.34671198125 0.5809626671875 0.362573265625 0.59871244375 0.4006820796875 0.6055271234374999 0.43623885937500007 0.5961410546875 0.468412353125 0.5724611109375 0.4881078484375 0.5453252671875 0.48524294531249995 0.5258322234375 0.46105993281249996 0.49509219218749995 0.41041485 0.46290024843750005 0.3860845921875 0.46257303906249997 0.346889928125 0.476294296875 0.3360345453125 0.51122123125 0.3354179984375 0.5366956140625 0.3402091953125 0.565804815625
6 0.758130228125 0.3609877546875 0.7691021515625 0.3699035453125 0.78438678125 0.370931125 0.8125604390625 0.3584316828125 0.821185846875 0.34265526562500004 0.824247075 0.321597878125 0.8162290265625 0.279840946875 0.800416821875 0.2519535609375 0.7638631640625 0.2295413828125 0.750661265625 0.239776109375 0.7444805375 0.2599695234375 0.742308834375 0.3010414015625 0.750326884375 0.3427983328125 0.758130228125 0.3609877546875
14 0.42640839374999995 1 0.45136997812499996 0.9684463718749999 0.46067020468750003 0.9491169328125 0.46456268749999996 0.926152675 0.479114225 0.9088119109375 0.42712869375 0.9157849765625 0.41074902343749997 0.9032343656249999 0.359499715625 0.7581433171875 0.335414865625 0.7071280703125 0.30644984375 0.6793378046874999 0.29990716562499997 0.7063765296875 0.304873178125 0.80124981875 0.3090969078125 0.84569579375 0.3268445953125 0.9152583062499999 0.3534814796875 0.982474303125 0.3679547109375 1 0.42640839374999995 1
14 0.183043940625 0.9042821359375001 0.20020578281249998 0.9250634828125 0.238725628125 0.91489524375 0.24776206875 0.8821359031249999 0.24499532968749999 0.8423676468749999 0.2340234046875 0.83345185625 0.21036796562500001 0.829571628125 0.2012149828125 0.8184882437500001 0.18415130468750002 0.7774316796875 0.15683041250000002 0.6817097328124999 0.13482829062499999 0.6419567921875 0.12911686718749998 0.667088646875 0.1332332453125 0.6997508671875 0.169931015625 0.862182678125 0.183043940625 0.9042821359375001
5 0.3320409765625 0.1815368234375 0.2418085765625 0.24416699999999997 0.23630266875 0.26080739375 0.24317659374999998 0.3011789015625 0.2801197734375 0.4129226765625 0.2920303046875 0.43171535 0.30533955625 0.43326437812499996 0.3825847625 0.4044364359375 0.630055934375 0.259800696875 0.6508464703125 0.2441878828125 0.671686090625 0.2184374609375 0.653742075 0.189425378125 0.6018945984374999 0.1339266515625 0.553743278125 0.0960140953125 0.532738034375 0.0880594 0.47015171875000006 0.11133033125 0.3320409765625 0.1815368234375
12 0.2573722390625 0.49317487812499994 0.256013409375 0.46822194531249994 0.2413944125 0.4315823765625 0.234373240625 0.42162369218749995 0.2218952421875 0.4181677921875 0.1963717796875 0.426592765625 0.1755321625 0.4523431859375 0.1716396796875 0.4753074453125 0.1804889828125 0.5151575046875 0.18787210468749999 0.518270878125 0.252071846875 0.5013238109375 0.2573722390625 0.49317487812499994
12 0.678268659375 0.14920215781249999 0.6474448046875 0.1657760671875 0.6428192312500001 0.17037198125 0.6434449703125 0.1769565703125 0.6725173437499999 0.216530590625 0.7082305578125 0.20879067031249998 0.7065588609375 0.18054544374999998 0.7007308937500001 0.161834571875 0.69599796875 0.15464673281250002 0.678268659375 0.14920215781249999
15 0.1411593953125 0.4209181 0.1422636265625 0.4645001015625 0.1752775640625 0.4709722546875 0.180157734375 0.44774727187499996 0.1928903296875 0.432574103125 0.2218952421875 0.4181677921875 0.2328671671875 0.42708358124999996 0.244366665625 0.462859175 0.25013636250000004 0.45964868281250004 0.2440844984375 0.3853113328125 0.23122617031249998 0.32458280625 0.215042828125 0.2714817671875 0.20079496875 0.2600558546875 0.182341759375 0.26830190625 0.1601034203125 0.3112959734375 0.1411593953125 0.4209181
7 0.3554662546875 0.47065548437500004 0.3846751421875 0.4650543984375 0.4108645984375 0.46763292187500005 0.440598765625 0.480876896875 0.46643355625 0.493040903125 0.4829666046875 0.47391149062500004 0.5201640421875 0.45249116875000006 0.5578139156249999 0.42251420624999997 0.59296389375 0.3995250578125 0.6456246359375 0.36769491875 0.68509575 0.3435651015625 0.7245361875 0.3257712921875 0.7465636328125 0.317847315625 0.743569134375 0.2996540640625 0.7439180578125 0.270031725 0.754626978125 0.22290949843750002 0.69637355625 0.209229053125 0.6875918609375 0.21002014687499998 0.6672207890624999 0.2153975796875 0.64236945625 0.2335588515625 0.614370246875 0.26520689375 0.5586229781250001 0.29785179687499996 0.50212995625 0.335966815625 0.45050828125000003 0.3654133671875 0.40528587812500005 0.3889520703125 0.3650690109375 0.41855200156250005 0.3239051046875 0.43152750781250004 0.3037295765625 0.4389626265625 0.3121513734375 0.4609964671875 0.33184953125 0.48849085 0.33701419375 0.48290890937500003 0.3554662546875 0.47065548437500004
4 0.632446365625 0.7550666671874999 0.6948498 0.7058995921875 0.7353293046875 0.6857221921875001 0.7639151453124999 0.6602472015624999 0.7951657484375 0.636178084375 0.812768540625 0.6083290781249999 0.829980246875 0.576364703125 0.8366613453125 0.533469671875 0.836649859375 0.4933959578125 0.8322558828125001 0.467134925 0.8318647968749999 0.46301955625 0.8162672984375 0.45869968125 0.807465903125 0.472624184375 0.79167860625 0.48628348125 0.76426028125 0.5040677203125 0.7211160125 0.522839246875 0.6904520375 0.553081415625 0.659201434375 0.57715053125 0.6177806343750001 0.6007403640625 0.5941639125 0.618575728125 0.5704800953125 0.629046246875 0.54361198125 0.639302684375 0.5250007953125 0.6631992765625 0.51054588125 0.6775615109375 0.5007418375 0.7075704546875 0.520733309375 0.738151365625 0.5526491265625 0.767693859375 0.5755622578125 0.7890663171875001 0.632446365625 0.7550666671874999
4 0.7699215015624999 0.417146559375 0.776510571875 0.3932595421875 0.7548991453125 0.37892602656249996 0.7375475046875 0.3761238515625 0.7048974234375 0.3921251828125 0.64479834375 0.432246759375 0.5942828296875 0.46667456874999996 0.5637473046875 0.491609575 0.5434740046875 0.4980158515625 0.5214829796875 0.519640678125 0.511257171875 0.551870259375 0.50177711875 0.578629725 0.5322206171875 0.5727027328125 0.5770883546875 0.5587495109375 0.619291328125 0.5433904171874999 0.6547346203125 0.5234877953125 0.68689584375 0.5023422515625 0.721654734375 0.475237734375 0.7484193343750001 0.44391559843749995 0.7699215015624999 0.417146559375
15 0.260709834375 0.557378078125 0.25840965625 0.5151386062500001 0.2454881546875 0.49863220156250004 0.22371760468750002 0.4959418515625 0.190774209375 0.5088566578125 0.18154530625 0.50496494375 0.1834892515625 0.4854680703125 0.15989746093749999 0.476930575 0.143682659375 0.47277365312499997 0.12864685781250002 0.5009996921875 0.127851240625 0.559215528125 0.1311141203125 0.6068681671875 0.143893475 0.641462190625 0.15849406875 0.6819033609375 0.1763824734375 0.743624309375 0.19313404218750002 0.80670000625 0.22107764375 0.8077608296875001 0.25769993750000003 0.82024116875 0.29279430624999997 0.829960884375 0.2963946234375 0.807917471875 0.28555346875 0.7337897203125 0.274027915625 0.6524600734375 0.2691118859375 0.6220698640625 0.271882684375 0.6498624046875 0.27198045625 0.650891246875 0.2665552375 0.6062650171875 0.26175660624999997 0.5766005437499999 0.2616045 0.5738073046875 0.2596784734375 0.581367721875 0.2594829296875 0.5793100359375 0.2592873875 0.577252353125 0.257466146875 0.57140520625 0.253756571875 0.552346065625 0.25453300156249997 0.5405399453124999 0.256770259375 0.5241296 0.2566724875 0.5231007562500001 0.256574715625 0.522071915625 0.260709834375 0.557378078125
1 0.423328090625 1 0.44539476718750004 0.9801483234375 0.45765805937500004 0.9600367140625 0.46866987499999996 0.9267559249999999 0.4952791890625 0.8977950140625 0.5432556953125001 0.86994348125 0.59491916875 0.8276191531249999 0.6994485078125 0.7662772796875 0.7675898140624999 0.716228346875 0.8139130031249999 0.7242495296875 0.8440620375 0.711228640625 0.8617330750000001 0.6947518515625 0.8814776515625 0.6574784 0.8865633390625 0.6257619562500001 0.9005873015624999 0.5815613890625 0.90197683125 0.5322587750000001 0.8980168890625 0.5012427015625 0.87085243125 0.4071669015625 0.8380256296875 0.32808534843750004 0.8275720906249999 0.3139703921875 0.819348525 0.2807049203125 0.80582456875 0.25558838281249996 0.7750406046875 0.2299657140625 0.7143131234375 0.20887247343749998 0.708690671875 0.1816701421875 0.6904337875000001 0.14936576562499998 0.6759804140625 0.1464313140625 0.6506133859375 0.156502434375 0.6402671984375 0.1541712328125 0.6013179421875 0.1172044546875 0.546252803125 0.0811169671875 0.5065305625 0.067978421875 0.47429879843749995 0.0697370046875 0.3640979265625 0.114014153125 0.3464268890625 0.13049094375 0.242415934375 0.18663365 0.19241496875 0.225144234375 0.16809390156249998 0.2568759953125 0.1503247015625 0.2936279984375 0.13303399375 0.3673774140625 0.1270863515625 0.475256275 0.11576166562500001 0.50524476875 0.116865896875 0.5488267703124999 0.1306321296875 0.6936877265625 0.1676427703125 0.8594118312499999 0.1916785375 0.9205646859375 0.20218115937499997 0.924542034375 0.2258856796875 0.91828465625 0.2390875796875 0.9080499296875001 0.24464256875 0.8812719281250001 0.24463337968749999 0.8492129578125001 0.2596051375 0.8469482453125 0.3026033125 0.8625969109374999 0.3138881046875 0.8748049968749999 0.32455635156249996 0.9124874593750001 0.3582144046875 0.9896621437500001 0.37085661718749996 1 0.423328090625 1
8 0.7523016890625 0.6376858203125 0.732861784375 0.5423469453124999 0.6277777609374999 0.604629628125 0.64343834375 0.6987767875 0.7523016890625 0.6376858203125