1 0.624004515625 0.7080695171875 0.792011975 0.65392211875 0.807520509375 0.6558263281250001 0.8267025078125 0.6758917140625 0.8560190359375 0.6775235390625001 0.8813553531249999 0.6314396328125 0.912845990625 0.51920643125 0.9202247984374999 0.4591108640625 0.9058376796875001 0.41602070312499995 0.8885942453125001 0.3961933421875 0.860602803125 0.3356904375 0.8096209406250001 0.286139215625 0.7516676078125 0.26131330625000004 0.6162059656250001 0.242712915625 0.49193402812500003 0.24516437500000002 0.43673641406249997 0.26200047031249996 0.3404215640625 0.3092082734375 0.224176278125 0.32641982812500003 0.1745563375 0.3459085703125 0.1196998265625 0.4080457796875 0.10113131093750001 0.44708949843749995 0.0769532453125 0.5798984968750001 0.0825652796875 0.5982977015625 0.12069125 0.6403670406249999 0.24394484843750003 0.726341215625 0.3528113265625 0.7692252265625 0.468138865625 0.7755144984375 0.4994626765625 0.8088774671875001 0.526364584375 0.8141483984375 0.5527560796875 0.8075499046875001 0.5810517875000001 0.785442875 0.61046890625 0.7221498937499999 0.624004515625 0.7080695171875
6 0.5573398468749999 0.465716803125 0.5645493453125 0.439052921875 0.5463538109375 0.4269798265625 0.4770414609375 0.41453375625 0.4346653765625 0.423105175 0.40103002343750005 0.4406209921875 0.3674290265625 0.47388336875 0.358995040625 0.4944935234375 0.3640966625 0.501023303125 0.43582363125 0.509830265625 0.516494996875 0.5098965015625 0.5573398468749999 0.465716803125
14 0.8707422921875001 0.54158584375 0.839658990625 0.6184487937500001 0.8108872328125001 0.6444329546875001 0.8109215890625 0.6601795140625 0.8361573171875 0.6790204125 0.8579576015624999 0.6777615671875 0.8840079984375 0.625861959375 0.90390159375 0.5279471609375 0.8910457046875001 0.5204652796875 0.8707422921875001 0.54158584375
4 0.1273535 0.4739226890625 0.1414338765625 0.48745829843750005 0.24734096718749998 0.50636543125 0.32909938906249997 0.4494991546875 0.3184200921875 0.4403167296875 0.2108124609375 0.4192330046875 0.192582565625 0.3914133515625 0.18482829843749998 0.3904612453125 0.1659530421875 0.3999504125 0.1354120265625 0.3922648609375 0.1185096953125 0.4177386125 0.108647553125 0.4499801671875 0.1251425484375 0.4598766703125 0.1273535 0.4739226890625
5 0.54159080625 0.3535866765625 0.5692411500000001 0.36878846875 0.609951053125 0.373787015625 0.6372946546875 0.3594342546875 0.6858594140625 0.3004601 0.727690728125 0.26427269375 0.7017409265625 0.251247496875 0.630251984375 0.2405019640625 0.5616880703125 0.2379867515625 0.475711415625 0.249075865625 0.3411356421875 0.303392571875 0.33412981249999996 0.312371328125 0.4574840015625 0.33342069687500003 0.54159080625 0.3535866765625
12 0.7885028578125 0.37800028750000003 0.7838772875 0.367593375 0.7303114984375 0.35511294531250004 0.7061309515625 0.375757459375 0.704023075 0.40895111875 0.7326255234375 0.4163986421875 0.7822798203125 0.4126564609375 0.7885028578125 0.37800028750000003
2 0.89701731875 0.44123456250000004 0.872854384375 0.419484253125 0.811621109375 0.415543559375 0.7297038437500001 0.4197966015625 0.6828168578125 0.430139725 0.6757084375 0.5535956343749999 0.65907671875 0.652626503125 0.665044115625 0.6623037187499999 0.7758692203125 0.633872125 0.84056469375 0.6096154859375 0.8681886953125 0.5521846078125 0.8973742625 0.503889975 0.89701731875 0.44123456250000004
7 0.40121494999999996 0.41434683437500003 0.4362608484375 0.4275944390625 0.47410416250000004 0.41077418593750004 0.50350724375 0.41170107656250005 0.58352275 0.393797759375 0.6040829296875 0.3793276578125 0.489051634375 0.34731456875 0.375674478125 0.3163990296875 0.329297225 0.308021265625 0.22615500000000002 0.3248738828125 0.1884198765625 0.3408129703125 0.21089743749999998 0.34715067187500004 0.2666585578125 0.36651959375 0.3381881046875 0.39587469531249997 0.40121494999999996 0.41434683437500003
3 0.488904484375 0.6836101484375 0.4104036890625 0.6891771343750001 0.3716323546875 0.6844166140625 0.293517484375 0.6649863500000001 0.2359784109375 0.6382435140625 0.2122181453125 0.6496373375 0.1444452703125 0.6261102046875 0.10295235 0.5852374671875 0.100292103125 0.5267715046875 0.0897337203125 0.5326307046875 0.08164930312499999 0.56204940625 0.086318375 0.5823006203125 0.11018796093750001 0.6210094859375 0.160136734375 0.65129260625 0.20404114999999998 0.6870947328125 0.237479759375 0.7207173671875 0.33875258750000004 0.755513384375 0.42071670625 0.7727329234375 0.4723341078125 0.7602872671875 0.4805111015625 0.7228298750000001 0.488904484375 0.6836101484375
15 0.8409159984375 0.417351615625 0.8805372640625 0.40790527499999996 0.871152265625 0.3459302625 0.8323340796875 0.319697159375 0.80058084375 0.30148713125 0.74727806875 0.2985201796875 0.6968206921875 0.337941803125 0.6917199703125 0.372199109375 0.7274763734375 0.3578059703125 0.7478357828125 0.352255728125 0.783206259375 0.3628598375 0.7907352203125 0.3816733015625 0.779126134375 0.410659225 0.8409159984375 0.417351615625
8 0.17117917031250002 0.6036035156249999 0.1874514328125 0.5043523390625 0.1078287515625 0.48014322812500004 0.10609034218749999 0.5580455718749999 0.17117917031250002 0.6036035156249999