6 0.488439796875 0.6422294468749999 0.500309225 0.6417190374999999 0.50112389375 0.57097853125 0.4646984625 0.5310857828125 0.45786194374999994 0.506632853125 0.2701595921875 0.41668095312500003 0.27682680312499997 0.4745655703125 0.302369271875 0.522961021875 0.488439796875 0.6422294468749999
6 0.8659130546875 0.5488640578124999 0.86965275625 0.48635387343750003 0.8635303125 0.4560852421875 0.856252096875 0.45125600312499997 0.8466279796875 0.4815589921875 0.8108847499999999 0.53226846875 0.7918401828125 0.575189321875 0.777148803125 0.6147090921875 0.7805842421875 0.6348088375 0.8033366328125 0.6257957234375 0.8458820250000001 0.5837926171875 0.8659130546875 0.5488640578124999
14 0.2042238921875 0.8414994453125001 0.19541444531250002 0.801061928125 0.21483199062499997 0.7070242640625 0.2165962828125 0.5163650078125 0.2043513984375 0.455827746875 0.1917335359375 0.446407296875 0.1738791 0.47963531406250004 0.1529671640625 0.66597574375 0.15096236406250002 0.746409084375 0.1593644734375 0.822216853125 0.17103023281250002 0.83939156875 0.195517521875 0.8483016078125001 0.2042238921875 0.8414994453125001
14 0.0707914828125 0.30955433593750004 0.04991390625 0.5116413265624999 0.0563087328125 0.5557179484375 0.08031996875 0.5685051203125 0.0899784453125 0.55394869375 0.0835836171875 0.50987206875 0.0974578453125 0.42892832031249994 0.093850615625 0.330095775 0.08480314375 0.2915968265625 0.0707914828125 0.30955433593750004
5 0.2534845265625 0.2334177015625 0.26093652968750003 0.2674273859375 0.29853335 0.289038265625 0.36474466250000004 0.303429153125 0.4319141 0.302732009375 0.541070575 0.31702919218750003 0.6392046578125 0.3263951875 0.6827989828125001 0.321014484375 0.7092953234375 0.3019065453125 0.669254646875 0.220067365625 0.63329521875 0.141412653125 0.572030709375 0.1231569046875 0.4885206421875 0.10395864531250001 0.3840020078125 0.09559762656250001 0.30282647812499996 0.086524975 0.2768554859375 0.0940695546875 0.2640105484375 0.1622595859375 0.2534845265625 0.2334177015625
12 0.151870184375 0.27425031875 0.2177814515625 0.28234320468749996 0.22308674062499997 0.2711878578125 0.2191065328125 0.22347212500000002 0.20502615624999998 0.2099365171875 0.1822394078125 0.20320307031249998 0.1296944390625 0.21446149375 0.1324501578125 0.2561234984375 0.151870184375 0.27425031875
15 0.24386372500000003 0.1340256734375 0.25277376406249996 0.109538384375 0.24035956875000003 0.082432809375 0.2214499546875 0.0761754140625 0.1849239296875 0.1012074734375 0.15258178125 0.15627013437499998 0.14996349375 0.1775943671875 0.1609151734375 0.200584784375 0.19410883437499998 0.2026926609375 0.2198206109375 0.2176564265625 0.24444285156249998 0.17738821875 0.24386372500000003 0.1340256734375
2 0.1431956890625 0.18463455625 0.135917475 0.17980531875 0.10884625781249999 0.2079660734375 0.0971142640625 0.271462721875 0.0812033578125 0.5292577359374999 0.1310981625 0.6357414703125001 0.14429515312500002 0.6885244671875 0.155212475 0.6957683218749999 0.171295171875 0.5167061078125 0.1813609828125 0.4667794265625 0.1958486953125 0.44494478125 0.2048936859375 0.3712792484375 0.2224757390625 0.3242432359375 0.2274399265625 0.267786775 0.21458403750000002 0.2603048921875 0.2020005328125 0.2666310046875 0.189620696875 0.2552719875 0.1871373609375 0.2274179765625 0.170676725 0.2332680328125 0.1459514078125 0.22629656250000002 0.1431956890625 0.18463455625
7 0.389992915625 0.469319365625 0.4448416359375 0.4742650390625 0.626438934375 0.48135671406249997 0.8143125890625 0.48832457656250006 0.8580764484375001 0.45970895624999997 0.7935638734375 0.36592049375 0.729577775 0.311552528125 0.6993091453125 0.3176749703125 0.6431621 0.3233032953125 0.5461411875 0.31944068593749997 0.3955698796875 0.3000584046875 0.3406285828125 0.3031514234375 0.262946484375 0.28019649375 0.25806215312499997 0.31269146718749996 0.239295540625 0.341693009375 0.274358184375 0.413082 0.389992915625 0.469319365625
4 0.5040995765625 0.6327032499999999 0.5499358609375 0.64548685 0.622871928125 0.6633867828125 0.68034853125 0.6614995125 0.735398021875 0.657525325 0.7549688437500001 0.643828196875 0.7711845296875001 0.60646338125 0.78970351875 0.5649091187499999 0.8076659234375001 0.5206031624999999 0.7554919375 0.5302971234375 0.711000828125 0.5284121078124999 0.643723196875 0.529990415625 0.5865555546875 0.5220766625000001 0.539745528125 0.5172235625 0.46670127031249997 0.5002047953125001 0.4945595328125 0.550136821875 0.5089526734375001 0.5858932218749999 0.5040995765625 0.6327032499999999
1 0.8856791421875 0.8366209609374999 0.8977522375 0.8184254234375 0.8825479656249999 0.7339112828125 0.9009446875 0.6161347671875 0.8874409578125 0.53379721875 0.862305825 0.450031515625 0.8015624140625001 0.3677970421875 0.713713425 0.2979767640625 0.6485137562500001 0.17190369375 0.5931443515625 0.11000699218750001 0.48550236093750004 0.07317670625 0.3735415453125 0.0554940609375 0.24610655312500002 0.0516537671875 0.2020642875 0.0737951546875 0.10738374218749999 0.2038509140625 0.079701521875 0.285067046875 0.05562653125 0.465115725 0.055798321875 0.5438485234375 0.06358694687500001 0.5605471875 0.090250828125 0.5677566859375001 0.1206568921875 0.6246204828125 0.1489550796875 0.7146779375000001 0.14960292343749998 0.789533603125 0.159126446875 0.8241554203125 0.1855866609375 0.8490500437499999 0.22146732500000002 0.8613268062499999 0.4957916921875 0.9028807734375001 0.536705259375 0.89019419375 0.6571000640625 0.887266684375 0.7949076093749999 0.870734846875 0.8856791421875 0.8366209609374999