2 0.9572713328125 1 0.9933310203125 0.59805726875 0.724360603125 0.33337337499999997 0.6983499703125 0.4065802859375 0.6879533921875 0.4693897359375 0.6766809874999999 0.508595534375 0.6830049296875 0.54836051875 0.7073388781250001 0.6063661546875 0.7270520265625 0.683573378125 0.7246935578125 0.7441451921875 0.7254604578125 0.8138130765625 0.7200983375 0.8751024 0.7214729359375001 0.915414665625 0.7632210984375 0.998470875 0.764093125 1 0.9572713328125 1
10 0.5700550828125001 0.326735440625 0.5564242078125 0.426513053125 0.5484967890625 0.5395334593750001 0.592118321875 0.6796105515625 0.596739121875 0.6604089625 0.5904636890625 0.6088847078125 0.5969935796875 0.5790669203125 0.60478825625 0.5572021312500001 0.6169849984375 0.5298407171874999 0.5877017046875 0.4723823625 0.56736895 0.44707645156250003 0.5687426656250001 0.408965215625 0.576354328125 0.3331683109375 0.5700550828125001 0.326735440625
6 0.5716237203125 0.3200106296875 0.5796133203125 0.32953226406249997 0.5866538875 0.2938774 0.596880240625 0.23301364375000003 0.6218576078125 0.19402658281250001 0.609502546875 0.200787996875 0.595238396875 0.2181656078125 0.5888421296875 0.23525127812500002 0.5771441609375 0.2793213078125 0.5716237203125 0.3200106296875
6 0.5613360671875001 0.336755846875 0.5481664796875 0.36403215 0.5420868515625 0.42231781875 0.5653500515625 0.42533337812500005 0.5718918484375 0.3729699 0.5644980390625001 0.3566383390625 0.5613360671875001 0.336755846875
7 0.2559328625 0.096332696875 0.28498463125 0.111618203125 0.29681710625 0.133239559375 0.2982887234375 0.1500332875 0.2957353328125 0.179218678125 0.2784190203125 0.2090730671875 0.25248071250000004 0.2254293234375 0.25162958281250003 0.2351577875 0.36823752656250003 0.2581034671875 0.481027290625 0.302281540625 0.5470353140624999 0.3433470359375 0.55735956875 0.337388240625 0.5563135171875 0.31573028281250004 0.5236010062500001 0.2638536671875 0.48766610625 0.22639952187499998 0.44606435468749994 0.18648900625 0.389359228125 0.151138875 0.2559328625 0.096332696875
3 0.45893450468749997 0.566008025 0.4676177984375 0.623624696875 0.4641281640625 0.6635113984375 0.45979930625 0.6905808703125 0.5111286390625 0.652919015625 0.527593821875 0.632793090625 0.54618683125 0.58834600625 0.5533491140625 0.56250471875 0.5505267125 0.4603073375 0.5531652171875 0.43014910000000006 0.5453824453125 0.429468196875 0.49635116406249996 0.4408631984375 0.46444215624999996 0.46944089218749996 0.44284549531249995 0.5146054859375 0.45893450468749997 0.566008025
2 0 0.86727268125 0.1799361859375 0.70726831875 0.19187758906250002 0.68282544375 0.20274824374999997 0.6033924921875 0.20825589375 0.5068253609375 0.200324946875 0.306151759375 0.0101952171875 0.3728424515625 0 0.489374325 0 0.86727268125
14 0.46372641249999996 0.6232842453125 0.45087258124999996 0.6133370453125 0.4449861109375 0.546162134375 0.41480317656250004 0.5101915140625 0.3693832453125 0.49151339375 0.3360392234375 0.5140837828125 0.30061588437500003 0.5492160609375001 0.2653627703125 0.582402646875 0.2510867125 0.6223259515625 0.24259922343749998 0.6745192046875 0.238720628125 0.7300565609375 0.255867596875 0.78057136875 0.2843116671875 0.8252124921874999 0.32905069375 0.851673384375 0.375382171875 0.8263180796875 0.415329290625 0.7955027515624999 0.4370476671875 0.7601517359375001 0.453317928125 0.7086393875 0.46895579375 0.653150540625 0.46372641249999996 0.6232842453125
14 0.7118882359375001 0.7224387218749999 0.7140041546875 0.72066325625 0.7026576625 0.6598727046875 0.68512173125 0.6250085546874999 0.6574317703125 0.59415750625 0.6331472140625001 0.602816103125 0.609580165625 0.614478353125 0.596751028125 0.6378632703125 0.5825115750000001 0.688572996875 0.5783776390625001 0.74702889375 0.57640813125 0.791950053125 0.5773452578125 0.8596722453125001 0.5948811890625 0.8945363953125 0.6178652359375 0.9455618796874999 0.6410918328124999 0.937791015625 0.670167415625 0.9079851359375001 0.68524609375 0.8700926375 0.7015282609375 0.796034596875 0.7133232515625 0.7284460265625 0.7118882359375001 0.7224387218749999
12 0.1523626484375 0.215689834375 0.156947728125 0.264125325 0.16192176875 0.2969101609375 0.19093693437499998 0.30140924375 0.2394575375 0.29585131875 0.2491613046875 0.26337033125 0.25895018593749997 0.2299165 0.2220305328125 0.2149229359375 0.1523626484375 0.215689834375
15 1 0.13208824375 0.9689194531249999 0.126361278125 0.9236212390625 0.11749673281249999 0.8773748734375 0.1418791921875 0.8228350593749999 0.171417825 0.7557095406250001 0.243968528125 0.7242388859375 0.3235597984375 0.9903758765624999 0.58701550625 1 0.4770112765625 1 0.13208824375
15 0.11028682187500001 0.192402821875 0.1020903921875 0.17404045625 0.0345860546875 0.0828491171875 0.01066929375 0.3562189515625 0.11690358906250001 0.3184591921875 0.1295258953125 0.2862335453125 0.11956590625 0.24320956875 0.11028682187500001 0.192402821875
5 0.0743579625 0 0.10055659374999999 0.0347046859375 0.164813846875 0.1069863796875 0.21414985937500003 0.15933706875 0.247591784375 0.1916716421875 0.258001153125 0.18474000156249998 0.24794414374999998 0.16523456406249998 0.24121439687500001 0.1340447546875 0.23667085625 0.126016859375 0.23658574375 0.12698970468749998 0.2277531875 0.1175221859375 0.23006017499999998 0.1085774625 0.22758669375 0.10659653437500001 0.1288006296875 0 0.0743579625 0
9 0.201606053125 0.6836765734375 0.21762185625 0.7135062671875 0.2314833734375 0.5774779984375 0.2608747125 0.51044861875 0.3100634296875 0.4412301125 0.352503521875 0.4155343546875 0.38523984843750003 0.422319584375 0.4004530296875 0.4501184703125 0.4247988859375 0.48557841249999995 0.4408631984375 0.5036488359375 0.4636029328125 0.4566236640625 0.5127678375 0.43249654375 0.5506356390625 0.41424310625 0.5486668328125 0.4136670171875 0.5452113375 0.3529903875 0.5407726703125 0.34770059062500003 0.4739986296875 0.3153907125 0.42562355625 0.285670828125 0.34060886562500003 0.2713709578125 0.306777978125 0.2546870390625 0.2727283546875 0.2517080828125 0.2435429625 0.249154690625 0.23523760624999998 0.276856559375 0.220462778125 0.3000712484375 0.2087401109375 0.3108091625 0.209872159375 0.4099177765625 0.209873040625 0.48834127968749996 0.20497308906249997 0.5555527921875 0.2031619015625 0.621073953125 0.201606053125 0.6836765734375
9 0.6259108421875 0.5286610421875 0.643045021875 0.5232980390625 0.6725589578125 0.5445057375 0.6764256468750001 0.5115140734375 0.70841044375 0.35605275625 0.7087891921875 0.344134421875 0.7137078015625 0.3206778625 0.7136226890625 0.321650709375 0.7149359875 0.3178444359375 0.8055306515625 0.1787265203125 0.9074352093750001 0.0896127328125 0.8828221062500001 0.0796170234375 0.7651085765625 0.1477418484375 0.6999406578125 0.197917084375 0.6149140609375 0.20616290625000003 0.596491278125 0.2486642984375 0.5860461890625001 0.3232330171875 0.5717582250000001 0.385702015625 0.582205078125 0.46798029999999996 0.6259108421875 0.5286610421875
1 1 0.0539438359375 0.9432841125 0.049616221875 0.8488941984375 0.08645164375 0.759733665625 0.1531533625 0.7052789640625 0.1817191484375 0.6340424421875 0.18921085937499998 0.60218194375 0.20602928281250002 0.5515352796874999 0.392755371875 0.547061775 0.53352615625 0.5551977875 0.5861934828125 0.5832528953125 0.6464852640625 0.575410590625 0.7585328234375 0.5721643875 0.8180466796875001 0.5810911125 0.89529050625 0.60395344375 0.9365024125 0.6528511031249999 0.937839525 0.7042902453125001 0.9325369390624999 0.7550380609375 1 0.9540255640625 1 1 0.4358126890625 1 0.0539438359375
1 0.0418344125 0 0 0.478169528125 0 0.8547594484375001 0.1477718390625 0.7387645515625 0.2017039546875 0.7385815359375 0.260793128125 0.8251154734374999 0.3154308453125 0.8504818015625 0.39983695468749997 0.8157137890625 0.45680844374999996 0.7471761875 0.46873705781249997 0.6668555031250001 0.5069819156250001 0.655497103125 0.5350114453125 0.6040332640625 0.54526249375 0.5765016234375 0.5574940734375 0.403079628125 0.5649721140625 0.3400148390625 0.5508287968750001 0.288782525 0.460486825 0.1897113953125 0.332568990625 0.11676158750000001 0.2577083296875 0.098448615625 0.2309674015625 0.11277406406249998 0.12009050156250001 0 0.0418344125 0