2 0.990384515625 1 0.99896941875 0.5634053734375 0.7121907843749999 0.31812866562500003 0.6913501703125 0.3929716578125 0.6853602828125 0.456353334375 0.6768501953125 0.496249953125 0.6859325984375 0.5354769375 0.7142535390625 0.591643821875 0.7393043718750001 0.667287853125 0.7411769234375 0.7278766375 0.746801740625 0.7973213171875 0.745728009375 0.858835384375 0.7499113015625001 0.8989535671875 0.7973514749999999 0.9788952484375001 0.811424015625 1 0.990384515625 1
10 0.562224946875 0.404391725 0.56453074375 0.3282484953125 0.55779810625 0.322270709375 0.551160571875 0.42275611093750004 0.5518692328125 0.494068403125 0.55113636875 0.53605419375 0.5744900234375 0.59701793125 0.6044229249999999 0.6727471781250001 0.607693034375 0.653270034375 0.5978387374999999 0.602309040625 0.6022727359375 0.5721083874999999 0.6085232171875 0.5497531312499999 0.6187816125000001 0.521607565625 0.585561559375 0.4663318765625 0.5635130828125 0.44250595 0.562224946875 0.404391725
6 0.558893825 0.31545285624999997 0.5675281578125 0.3243939703125 0.5720644171875 0.28833483437499996 0.5780202171875 0.226905984375 0.6002171421875 0.1862715609375 0.5883638296875 0.19387835 0.5753466265625 0.21220864687500002 0.570157778125 0.2296988796875 0.5615624734375 0.274477565625 0.558893825 0.31545285624999997
6 0.54979931875 0.33287491406249997 0.5385645109375 0.3610034359375 0.5365654953125001 0.41957121875 0.55998238125 0.4209566734375 0.5628555515625 0.36826441718749997 0.554340521875 0.35248840625 0.54979931875 0.33287491406249997
7 0.22836898906249997 0.11434127187500001 0.258416253125 0.12756299531249998 0.271728134375 0.1483062921875 0.2743676390625 0.16495645625 0.2738563375 0.19424886875 0.25866474375 0.225238459375 0.23393057499999997 0.24336423593749998 0.23376014218750002 0.2531283734375 0.35168464374999997 0.267884 0.4672813640625 0.30408664218750003 0.5359931796875 0.3404476171875 0.545876621875 0.33378315468749997 0.543322334375 0.3122509203125 0.5070707796875 0.262782584375 0.4686107453125 0.22792636875 0.4243263171875 0.1910150640625 0.3652934234375 0.1597065921875 0.22836898906249997 0.11434127187500001
3 0.463639025 0.5687118171875001 0.47632030312499996 0.625582421875 0.47562152500000004 0.6656153859375 0.4731914828125 0.692920884375 0.521768621875 0.6517702171875001 0.5367897828125 0.6305447656250001 0.552237028125 0.58490896875 0.5575792671875 0.5586310140624999 0.5476348125 0.4568794625 0.54816315625 0.4266106359375 0.5403518468749999 0.42647428749999994 0.492234878125 0.44126178437499997 0.46239707656249995 0.4719957234375 0.44400354843749995 0.518556803125 0.463639025 0.5687118171875001
2 0 0.928704459375 0.1951741515625 0.7290899468750001 0.20538141875 0.7038736234375 0.2106846296875 0.6238758671875 0.20944268125 0.527159775 0.18753276875 0.3275282390625 0.0025182953125 0.40731925625 0 0.5515923296875 0 0.928704459375
15 1 0.111022234375 0.9872470046874999 0.115867003125 0.9591014390625 0.1056086078125 0.9172179078125 0.099017259375 0.8714116781250001 0.093334153125 0.8543013421874999 0.12233682812499999 0.7998827640624999 0.162408821875 0.7642546546875 0.1891348453125 0.7452255796875 0.2161506078125 0.7278766375 0.25882307656250003 0.7142458734375 0.31230426875 0.9991739390625 0.551688409375 1 0.4224525484375 1 0.111022234375
15 0.2912178875 0.4865885828125 0.3250465609375 0.45104074687500006 0.378062640625 0.4353620546875 0.40225142187499996 0.44848151718749996 0.435624865625 0.4949694828125 0.4398032140625 0.4794150359375 0.480671303125 0.43226953906250004 0.5114003 0.4064347125 0.52820385625 0.395007484375 0.5290901109374999 0.34423396875 0.51832243125 0.34517772343750003 0.4863665109375 0.3298142671875 0.40376333906250006 0.305908065625 0.32876695625 0.29385517499999997 0.2557063578125 0.282812784375 0.23107445000000001 0.2950800796875 0.20522752031249997 0.3210001234375 0.18810014218749999 0.3509792125 0.20562940156249998 0.40988786250000003 0.21099635156250002 0.6619730484375 0.20404709375 0.72436126875 0.222547825 0.727614334375 0.2370527421875 0.6800086656250001 0.23728640781250002 0.6106662453125 0.27085448749999996 0.5340919890625 0.2912178875 0.4865885828125
9 0.22261599843750002 0.7237086781250001 0.22384806249999997 0.7090795156249999 0.23047349687500002 0.6652431562500001 0.24540449843749998 0.59322714375 0.26090287343749996 0.5446621078125 0.2812492296875 0.4981351125 0.30432030781249997 0.46337621562500003 0.3359405015625 0.4424405 0.37612685625000003 0.43435155468750003 0.40857501718749994 0.47789323437500003 0.441500390625 0.4940953296875 0.44579804218749997 0.4717059859375 0.48068834687499995 0.4312931265625 0.5239743765625 0.41349117187499995 0.530395290625 0.381371778125 0.5111908390625 0.36247905 0.52337400625 0.36741065 0.5154032749999999 0.344971775 0.5038397 0.33597953125 0.47780035156249995 0.3169674984375 0.40891810156249997 0.2903706625 0.313502246875 0.2730777921875 0.241281715625 0.2698637546875 0.2269813171875 0.30575245624999997 0.1895708140625 0.32268025625 0.21522310625 0.4198224328125 0.2174024390625 0.4628357703125 0.21360892812499999 0.56825436875 0.2091798703125 0.6541276500000001 0.210864946875 0.7254569859375 0.22261599843750002 0.7237086781250001
10 0.22349680468750002 0.2256013109375 0.1932961515625 0.2211673125 0.14231811562500002 0.23199802187500002 0.1280347625 0.2669103109375 0.13895068906250002 0.313006278125 0.181810634375 0.31961466875 0.204455628125 0.309266115625 0.22518187968749998 0.29693064687500004 0.2324258171875 0.27361601874999997 0.22349680468750002 0.2256013109375
15 0.087376134375 0.3580114703125 0.1276306625 0.34601686875 0.139483975 0.3384100796875 0.125519503125 0.299097878125 0.10564541718750001 0.2626126578125 0.0926403171875 0.2242939140625 0.0592839171875 0.1768295359375 0.0275735640625 0.146974690625 0.006569675 0.119260153125 0.0077241890625 0.3888526109375 0.0449813015625 0.3807125359375 0.087376134375 0.3580114703125
9 0.6730297562499999 0.49129971093749997 0.6823408828125 0.40551164687499996 0.7114188921875 0.30639465625 0.7271217875 0.24611265312500002 0.7573686281249999 0.1919447828125 0.795529040625 0.132054778125 0.8371519796875001 0.0976197046875 0.8844629671875 0.073051028125 0.8789283078125001 0.05439690625 0.8537631156250001 0.0412604 0.8114194124999999 0.0610322234375 0.7618317718750001 0.10411867500000001 0.7193005921875 0.1346310515625 0.6843250734375 0.1799259796875 0.6538346828125 0.1920910140625 0.626256490625 0.20528359218749997 0.6040205375000001 0.19219821718750002 0.593058421875 0.20470411875 0.5736373484375 0.25417739687499996 0.5663131375 0.3380467203125 0.5641436875 0.406378640625 0.5837962078125 0.45555723906249995 0.6248957453124999 0.50706361875 0.6694869546875 0.5263994750000001 0.6730297562499999 0.49129971093749997
14 0.732014246875 0.7492043500000001 0.7231534078124999 0.6972839859375 0.7237669671875 0.662133090625 0.7022468374999999 0.6080383359375 0.6800961 0.5900708906250001 0.65777493125 0.5818675843750001 0.641175896875 0.5815778468749999 0.6202621671874999 0.604653865625 0.5889536953125 0.6636867609375 0.606068971875 0.6903567140625 0.5983989515625 0.738081684375 0.6026845015625 0.7723413828125001 0.6029621374999999 0.812391390625 0.61295278125 0.8555410734375 0.6181977015625 0.8907942296875 0.6457978796875 0.9322978656249999 0.684701040625 0.9417673234375 0.7176044296875 0.9032732046874999 0.727210234375 0.8565587328125 0.73052653125 0.77847971875 0.732014246875 0.7492043500000001
14 0.4468722828125 0.8018531421875 0.46898398906249994 0.7661007875 0.4754901203125 0.729099325 0.4773527890625 0.6783428515625001 0.4741629546875 0.6372652999999999 0.463383375 0.583358021875 0.441420115625 0.5546500265625001 0.4184634 0.5269014000000001 0.3992248625 0.5099614984375 0.36912646875 0.49966901718749995 0.32878672343750004 0.5165456859375 0.3058860796875 0.541540446875 0.27493551875 0.580068653125 0.26947397500000003 0.6131815046875 0.25714344843750003 0.6481278796875001 0.256308325 0.6959721546875001 0.2662819234375 0.74009825 0.278123134375 0.7891405015624999 0.29796313125 0.8275785499999999 0.3131255828125 0.854214415625 0.3598400515625 0.8638202203124999 0.3999582328125 0.8596369296875 0.42587333593750004 0.8298112296875001 0.4468722828125 0.8018531421875
1 0.9913272125000001 1 0.9969330859375001 0.008597834375 0.886359721875 0.020341728125 0.7755867828125 0.0994752125 0.68038533125 0.181810634375 0.6552712671875 0.1657448859375 0.6111963015625 0.1727892453125 0.5675353171874999 0.2120723 0.5443938484374999 0.41873115156249996 0.5497338703125 0.5604474953125 0.5903050640624999 0.6422227015625 0.6011016859375 0.695153565625 0.6019857234375 0.8123743484375 0.6179761390625 0.9034876078125 0.655374540625 0.9432088500000001 0.7063866640625001 0.9304253125 0.736190378125 0.9016442 0.8157413468750001 1 0.9913272125000001 1
1 0.0106127296875 0 0 0.6923257359375 0 0.9121306453125 0.169156790625 0.7647741296875 0.2260444390625 0.7511164375 0.2571533328125 0.7594731359375 0.3013574859375 0.8569391359375 0.360833509375 0.86286085 0.417687071875 0.8511559859375 0.47502995 0.755462496875 0.46851393437500005 0.681118703125 0.5334855875 0.6519747375 0.5580273375 0.588916884375 0.5462174890625 0.31425487812499997 0.5110616515624999 0.25796868906250003 0.44376937656250004 0.1962380015625 0.34309155625 0.14466838906249999 0.22633094531250003 0.1191892546875 0.1890056578125 0.1312349859375 0.0586521546875 0 0.0106127296875 0