10 0.0673458 0.5852602171875 0.037586275 0.5398805203125 0.020845843750000002 0.5749844421875 0.028124103125 0.6205644312499999 0.06942884218749999 0.6809855125000001 0.097131553125 0.74309735 0.1633321359375 0.793412571875 0.2776212125 0.86565515 0.330739153125 0.8902526312499999 0.3829246859375 0.9530371828125 0.4442063328125 0.965471990625 0.5171478546875 0.939157525 0.514085440625 0.8620637078125 0.5560919234374999 0.7679393890624999 0.490606871875 0.73127730625 0.37261718906249996 0.68172043125 0.33550341562499997 0.7012677296875001 0.2495303609375 0.7028396781249999 0.2403527625 0.6583371312499999 0.1565345953125 0.663707759375 0.10295666875000001 0.6303332593750001 0.0673458 0.5852602171875
6 0.4188132890625 0.44362484843749994 0.37374854062499996 0.44207498125000005 0.2929030078125 0.4668478734375 0.22503789687500003 0.5153880562500001 0.211580903125 0.5571652203124999 0.20561904531250003 0.5926821640625 0.212382065625 0.6470902796875 0.2403527625 0.6583371312499999 0.29209075156250003 0.6566035609374999 0.3245369890625 0.6226323375 0.363047303125 0.55509461875 0.4188132890625 0.44362484843749994
2 0.906667125 0.2547477640625 0.709561334375 0.3002821390625 0.42945097656250003 0.3853710921875 0.41332385625 0.43217770624999996 0.42538016562500003 0.45697133125 0.383637521875 0.518811034375 0.3327518046875 0.6114448875 0.44411935468749997 0.6652604265625001 0.511197090625 0.694993721875 0.5166906703125 0.6878604968750001 0.5221883968750001 0.662146903125 0.5356453921875 0.6203697390625 0.5779460890625 0.5878378703125 0.607820271875 0.5794269125 0.6386572390625 0.6267059500000001 0.651774403125 0.7277203859375 0.7481848531249999 0.6454134171875 0.9170892828125 0.4722738609375 0.9160670953125001 0.452769378125 0.9191626828125001 0.3812202484375 0.92134245 0.2735367171875 0.906667125 0.2547477640625
15 0.506573821875 0.252246103125 0.4700692125 0.302076459375 0.43104365937500005 0.37844230625 0.6960145609375 0.2843677484375 0.6341955921875 0.149723265625 0.6129450984375 0.15474856718750002 0.5624295859374999 0.1984678859375 0.506573821875 0.252246103125
15 0.888397559375 0.2420145953125 0.8831678203125 0.2168632046875 0.8306714859375001 0.166807675 0.7931060203125 0.14041722031249998 0.74132106875 0.1225951984375 0.6946636359375 0.12797411875 0.66668879375 0.13530763437499999 0.6573454265625001 0.14362052187500002 0.7143393828125 0.279495775 0.888397559375 0.2420145953125
11 0.3678405921875 0.2360471390625 0.116905475 0.22475052343750002 0.117161021875 0.22962664375 0.0531291125 0.3513086390625 0.049015484375 0.384772915625 0.09022215156249999 0.42466318125 0.14477944843749999 0.439406203125 0.20744934062499998 0.44101132656250003 0.2670443796875 0.4212637375 0.3100647546875 0.3838046390625 0.3505296625 0.29758433281249996 0.3678405921875 0.2360471390625
14 0.5257204343749999 0.9347966453125001 0.497639225 0.95876008125 0.5354132734375 0.9704710640625 0.5814104296875 0.9338338609375001 0.6277266828125 0.8473068984375001 0.6497645515625 0.76400811875 0.64567580625 0.6859901859375 0.6247485546875 0.622545359375 0.5985791234375 0.5896902468749999 0.557360015625 0.6055410875 0.522243653125 0.644541759375 0.5129900640625 0.7105461984375 0.5665127328125 0.7615258421875 0.5381165734375 0.81679866875 0.526299225 0.8712026375 0.5257204343749999 0.9347966453125001
14 0.932674934375 0.321837940625 0.9312783937500001 0.3698283625 0.925312390625 0.423925675 0.9357718687500001 0.47422845625 0.9596883421875001 0.4827540734375 0.9616429375 0.4640714859375 0.9746910578125 0.4144925296875 0.9800396031249999 0.3672728953125 0.9713772437499999 0.3139422234375 0.9486404328125 0.30926639218749996 0.932674934375 0.321837940625
12 0.9046144578125 0.25289953593750003 0.932691521875 0.2475164671875 0.939880003125 0.235404903125 0.9373162421875 0.2238044328125 0.9279259124999999 0.2125617265625 0.9059598890625 0.20393389062499997 0.8764476171875 0.20059105000000002 0.8854290718750001 0.2040319625 0.8902969000000001 0.2409371515625 0.9046144578125 0.25289953593750003
0 0.0532188890625 0.40900019218750006 0.0363375703125 0.38543733750000003 0.01949491875 0.4185908109375 0.0260023921875 0.46812280624999997 0.035946629687499995 0.527253715625 0.06431790937500001 0.583463096875 0.11229588906250002 0.6406007406249999 0.157816475 0.66950799375 0.2178714984375 0.6585374234375 0.2065390140625 0.6102361984375 0.2202639953125 0.5175940515625 0.3069691671875 0.4553537671875 0.4143501890625 0.4331018203125 0.42816909687500004 0.3795708578125 0.3538945859375 0.39910986249999997 0.28593555 0.4085388609375 0.2463049796875 0.43604128124999997 0.1980548640625 0.4483489890625 0.1475987546875 0.45588279531250003 0.0830336703125 0.436774746875 0.0532188890625 0.40900019218750006
1 0.0375185796875 0.6132267687499999 0.053522745312499995 0.6573715484375 0.08584603125 0.7143517171875 0.1412169296875 0.76327869375 0.2032141078125 0.7893666406250001 0.219222421875 0.814931053125 0.23046097968749998 0.8241210921875 0.27202956093749997 0.8522575578125 0.2970745859375 0.8636577390625 0.3154463703125 0.87834135625 0.33309847656249997 0.8979522046874999 0.3524413375 0.9311650828125 0.367836340625 0.9450268062499999 0.389133796875 0.9595570953125 0.4090471546875 0.9663367015625 0.4921456453125 0.9658933062499999 0.5159599 0.972468475 0.5315123765624999 0.9706755015624999 0.5563571109375001 0.9595944171875 0.584233884375 0.9317300843749999 0.6076475578125 0.8933427249999999 0.6275222453125 0.8434060015625 0.6457614359375 0.76226210625 0.654389271875 0.74029608125 0.697975996875 0.69498408125 0.7440242640625 0.659322103125 0.7878665359375 0.618886221875 0.8890039265624999 0.5148176656250001 0.9147258125000001 0.48315465468749996 0.9266412328125 0.44928150312500004 0.940417325 0.3576145796875 0.958499040625 0.292125378125 0.9575279625 0.2735961203125 0.943005965625 0.257732840625 0.944036446875 0.2400765875 0.932133465625 0.218208634375 0.9169428999999999 0.2082478078125 0.8831208578125 0.1973076109375 0.812303846875 0.1335436890625 0.7739164875 0.110130015625 0.7500000140624999 0.101604396875 0.7135078453125 0.09569364999999999 0.57554125625 0.0941230484375 0.5114320078125 0.102372384375 0.40015008906249994 0.12482876875 0.2923049359375 0.15688406562499999 0.261711075 0.17022225468750002 0.2470827125 0.17098889374999998 0.2299375515625 0.17971065625 0.134570021875 0.1886202671875 0.11917087343749999 0.1933389125 0.103154265625 0.20493523749999998 0.09324454843749999 0.22110102656250002 0.09493530312500001 0.23470305625000001 0.107404634375 0.2487181046875 0.0916394265625 0.28377091875 0.05667224375 0.3442776328125 0.0071278078125 0.40652620937500006 0.012093706249999999 0.46396221718749997 0.032450460937499995 0.5538403140625 0.032135512500000005 0.5851497046875 0.0375185796875 0.6132267687499999