10 0.0590737359375 0.4934432109375 0.0393994984375 0.442867815625 0.01572636875 0.4737241015625 0.013368968749999998 0.51982129375 0.041208850000000005 0.5875097671875 0.05539241406249999 0.6540240296875 0.1096852328125 0.71700361875 0.20645674218750001 0.81142955625 0.253299825 0.8465333656249999 0.2912913359375 0.9187959078124999 0.348648490625 0.9437001546875001 0.42546714999999996 0.9331261187500001 0.43850036406250004 0.8570802750000001 0.49915845000000003 0.7737464375 0.44272687812499995 0.7242704 0.33761900625 0.651265028125 0.2972521453125 0.6626687828125 0.21283098281249999 0.6463315781250001 0.2131065375 0.6008933890625 0.13000338125 0.588719878125 0.084535209375 0.5449352140625 0.0590737359375 0.4934432109375
6 0.4323084671875 0.42797711562499996 0.3885507265625 0.417091628125 0.3043212875 0.424514440625 0.227847121875 0.4578839546875 0.20599823593750002 0.4959503203125 0.1927822703125 0.5294515953125 0.18808541875 0.5840768734374999 0.2131065375 0.6008933890625 0.26407435625 0.609954634375 0.30287458125 0.583471715625 0.3545852328125 0.5254166015624999 0.4323084671875 0.42797711562499996
2 0.9487712796875 0.3446579640625 0.74650559375 0.3482167046875 0.45482533125 0.37320804218750003 0.42931898593750006 0.4156388015625 0.43595695 0.442397275 0.3822692875 0.49420684843749996 0.313235884375 0.57423669375 0.41098090625 0.65003085 0.4704109328125 0.693060646875 0.47726754531250004 0.6872254796874999 0.487991290625 0.66321683125 0.5098401781249999 0.625150465625 0.5579802593750001 0.60212430625 0.5889503578124999 0.6001083390625 0.609283596875 0.65276558125 0.6011120375 0.7542998234375 0.7125282703125 0.6938363187500001 0.9137394703125 0.55959748125 0.9167948296875 0.5403066937500001 0.9346986718749999 0.47096469374999994 0.9592194703124999 0.3660875046875 0.9487712796875 0.3446579640625
15 0.5579411000000001 0.25902689375 0.511873890625 0.300178603125 0.4578237875 0.366761803125 0.7365636390625 0.32983355 0.704089725 0.18527848593750001 0.6822587859375 0.185775746875 0.6237574015625 0.2180369265625 0.5579411000000001 0.25902689375
15 0.9335483234374999 0.3284045875 0.933662134375 0.3027154921875 0.8927200984375 0.24283919531249998 0.8614624140625 0.209215134375 0.81451449375 0.1810158703125 0.7677583 0.1765766234375 0.7388700484374999 0.1779335859375 0.7280025109375 0.1841222203125 0.7555009593750001 0.3288779859375 0.9335483234374999 0.3284045875
11 0.425607478125 0.2143376546875 0.18250459375 0.1511155546875 0.181740753125 0.15593825156250002 0.0938089859375 0.2616482203125 0.0828276359375 0.2935259515625 0.1148401859375 0.341111865625 0.165140028125 0.3668758171875 0.226106709375 0.38147566875 0.288505209375 0.3745501171875 0.3383736703125 0.346854028125 0.3958805328125 0.2709309703125 0.425607478125 0.2143376546875
14 0.4347590765625 0.9306428734375001 0.40230922968750005 0.9482442390625 0.43682297343750004 0.9675529765625001 0.489432284375 0.9412797296875001 0.552726384375 0.8662732796875 0.5916014625 0.7893767078125 0.6038229046875 0.7122135562499999 0.5965438875 0.64580413125 0.5777772828125001 0.608226053125 0.5341633359375 0.615160578125 0.4917056546875 0.646007890625 0.468931184375 0.7086460453125001 0.510684990625 0.76963965 0.47141748906250003 0.8178007390625 0.4485471546875 0.8685588859375001 0.4347590765625 0.9306428734375001
14 0.9602619234375 0.4156893859375 0.9489181328124999 0.4623407453125 0.9318350359375 0.5140154984375 0.9316074140625 0.5653936921875 0.9532286781250001 0.57870551875 0.9590248890625 0.5608375750000001 0.9820959218749999 0.51505489375 0.997145103125 0.469979146875 0.9997601078124999 0.416012871875 0.9784923093750001 0.4067119703125 0.9602619234375 0.4156893859375
12 0.9471477374999999 0.34242335 0.9757304515625 0.34299546406250003 0.9852799828125001 0.33264313749999996 0.9851841218749999 0.32076312812499996 0.9783364828125001 0.3078137421875 0.9586442953125 0.2948074515625 0.9304719546875001 0.2854017140625 0.9385417374999999 0.290634784375 0.9356301703125001 0.327745584375 0.9471477374999999 0.34242335
0 0.081902053125 0.31809774062499996 0.0702886234375 0.29153996718749997 0.0469210296875 0.32046717343750003 0.0429880171875 0.37026975625 0.04042094375 0.43017603437499996 0.0564856546875 0.49105582812500004 0.091535615625 0.5569200609375 0.1300513125 0.5946598828125 0.1910748984375 0.5964151859375 0.190032446875 0.546813303125 0.22271888906249998 0.45904919375000003 0.32046982812499997 0.4161960265625 0.43013075624999997 0.41675610937499996 0.45477740000000005 0.3672680390625 0.3780635796875 0.3709375296875 0.30962921250000003 0.3660310046875 0.2651465890625 0.384692771875 0.2153919390625 0.3866997640625 0.1644720515625 0.3835785234375 0.10529065468750001 0.3514641953125 0.081902053125 0.31809774062499996
1 0.0240837390625 0.5145971968749999 0.030559960937500002 0.5611047625000001 0.0503300609375 0.6235601671875 0.0943184828125 0.682930228125 0.14953688437499998 0.721338028125 0.1598802375 0.7496721125 0.168962490625 0.7609979546875 0.203772796875 0.797162165625 0.22590029843749998 0.813520378125 0.24081771718749997 0.8317028328125 0.254006759375 0.8545552171875 0.2660215875 0.8910639203124999 0.2781981578125 0.9078235328125001 0.296009196875 0.926464290625 0.3140778390625 0.9372359671874999 0.395452615625 0.9540794078125 0.41737941718749993 0.9654621546875 0.4329648171875 0.9669419046875 0.4595705203125 0.9612684781249999 0.49263143906250006 0.9398089562499999 0.52351465 0.9071284281249999 0.5533374578125 0.8624151234375 0.5880488421875001 0.7868365578125001 0.60105513125 0.7671443703125 0.653110278125 0.7318847359375 0.7055668203125001 0.7065760296875 0.756858125 0.676139090625 0.877422490625 0.5953723265625 0.9091654015625 0.5697491109375 0.9278630671875 0.5390935234375 0.96039674375 0.45229395156249996 0.9916993 0.3919952484375 0.9946018921875 0.3736690015625 0.9836953968750001 0.355133078125 0.9883743 0.33807690468749996 0.9812780328124999 0.31421204999999996 0.9684903890625 0.3013105984375 0.937682034375 0.28357747187500004 0.8816698109375001 0.20648325937499998 0.8489892828125001 0.17560005 0.8273680171875 0.1622882234375 0.7929022046875 0.148919490625 0.6582770609375 0.11869834374999999 0.5938536203125 0.11343835 0.480334534375 0.112267196875 0.36818138437500003 0.12119974062500001 0.3354829078125 0.1278856359375 0.32101481718749997 0.125594115625 0.3024309640625 0.13056060625000002 0.20729503125 0.119447496875 0.191251328125 0.12086136562500001 0.173173709375 0.12887424375 0.1601194875 0.142626425 0.158945275 0.15628274375 0.168228228125 0.1725840515625 0.14551963750000002 0.20359310625 0.09873651875 0.2555075171875 0.0373325421875 0.30609494531250003 0.030248306250000002 0.36330830625 0.031473509375 0.45545475937499996 0.0246558546875 0.4860144828125 0.0240837390625 0.5145971968749999