13 0.1435546875 0.3642578125 0.1123046875 0.3564453125 0.10546875 0.376953125 0.09765625 0.4130859375 0.109375 0.392578125 0.1279296875 0.3857421875 0.1435546875 0.3642578125
2 0.7041015625 0.44140625 0.666015625 0.431640625 0.6357421875 0.4375 0.61328125 0.43359375 0.60546875 0.4267578125 0.60546875 0.423828125 0.4306640625 0.38671875 0.2216796875 0.3486328125 0.2177734375 0.4052734375 0.220703125 0.453125 0.224609375 0.48046875 0.251953125 0.5107421875 0.2744140625 0.5615234375 0.2880859375 0.6025390625 0.2919921875 0.625 0.6923828125 0.7333984375 0.703125 0.6181640625 0.7080078125 0.5029296875 0.7080078125 0.4638671875 0.7041015625 0.44140625
6 0.9970703125 0.5048828125 0.986328125 0.498046875 0.9560546875 0.4873046875 0.9130859375 0.498046875 0.921875 0.5244140625 0.9501953125 0.560546875 0.9970703125 0.580078125 0.9970703125 0.5048828125
3 0.9970703125 0.830078125 0.99609375 0.6005859375 0.970703125 0.5830078125 0.9052734375 0.6357421875 0.947265625 0.7001953125 0.966796875 0.8056640625 0.966796875 0.8251953125 0.9970703125 0.830078125
7 0.923828125 0.4892578125 0.9970703125 0.498046875 1 0.388671875 0.9072265625 0.3564453125 0.880859375 0.392578125 0.8388671875 0.408203125 0.796875 0.408203125 0.7568359375 0.3994140625 0.74609375 0.3896484375 0.7275390625 0.4169921875 0.923828125 0.4892578125
15 0.6005859375 0.2861328125 0.5400390625 0.2451171875 0.48828125 0.21875 0.4375 0.2236328125 0.376953125 0.2236328125 0.3330078125 0.2373046875 0.2890625 0.24609375 0.2431640625 0.283203125 0.263671875 0.3349609375 0.279296875 0.353515625 0.3193359375 0.3623046875 0.3759765625 0.3720703125 0.4619140625 0.3896484375 0.53515625 0.4130859375 0.6123046875 0.4189453125 0.724609375 0.421875 0.70703125 0.388671875 0.673828125 0.3525390625 0.6005859375 0.2861328125
5 0.78515625 0.2705078125 0.751953125 0.2353515625 0.7333984375 0.212890625 0.716796875 0.2060546875 0.68359375 0.2158203125 0.66796875 0.2099609375 0.6318359375 0.22265625 0.6455078125 0.25390625 0.6669921875 0.28125 0.6982421875 0.31640625 0.7294921875 0.349609375 0.7587890625 0.390625 0.7802734375 0.41015625 0.849609375 0.4052734375 0.8740234375 0.3896484375 0.900390625 0.3623046875 0.8955078125 0.3408203125 0.8525390625 0.3193359375 0.78515625 0.2705078125
14 0.837890625 0.62109375 0.7978515625 0.62890625 0.775390625 0.6591796875 0.7470703125 0.685546875 0.740234375 0.74609375 0.7314453125 0.763671875 0.7666015625 0.8525390625 0.8076171875 0.8916015625 0.8720703125 0.88671875 0.8994140625 0.87890625 0.9248046875 0.8369140625 0.9296875 0.7890625 0.91015625 0.73046875 0.908203125 0.6875 0.873046875 0.6455078125 0.837890625 0.62109375
14 0.228515625 0.515625 0.20703125 0.5107421875 0.185546875 0.5322265625 0.1728515625 0.5498046875 0.173828125 0.599609375 0.1806640625 0.6416015625 0.1962890625 0.6640625 0.2138671875 0.6806640625 0.2080078125 0.7041015625 0.2373046875 0.6953125 0.2587890625 0.669921875 0.2734375 0.62890625 0.2666015625 0.599609375 0.2529296875 0.568359375 0.240234375 0.533203125 0.228515625 0.515625
9 0.791015625 0.5947265625 0.8359375 0.591796875 0.8623046875 0.6064453125 0.904296875 0.634765625 0.96484375 0.5791015625 0.943359375 0.5537109375 0.9267578125 0.5185546875 0.9228515625 0.4970703125 0.72265625 0.427734375 0.720703125 0.486328125 0.7216796875 0.57421875 0.7080078125 0.62890625 0.7001953125 0.67578125 0.6982421875 0.7109375 0.7001953125 0.736328125 0.720703125 0.740234375 0.7177734375 0.7001953125 0.73046875 0.6611328125 0.7451171875 0.6376953125 0.771484375 0.6123046875 0.791015625 0.5947265625
9 0.119140625 0.353515625 0.1455078125 0.3681640625 0.1494140625 0.384765625 0.1337890625 0.3916015625 0.1142578125 0.3916015625 0.1064453125 0.4052734375 0.1015625 0.458984375 0.150390625 0.4833984375 0.171875 0.490234375 0.20703125 0.4755859375 0.22265625 0.4228515625 0.2197265625 0.3740234375 0.22265625 0.3330078125 0.2265625 0.2919921875 0.2236328125 0.2734375 0.1708984375 0.3095703125 0.1318359375 0.326171875 0.119140625 0.353515625
10 0.1298828125 0.5498046875 0.154296875 0.5693359375 0.1630859375 0.56640625 0.1728515625 0.533203125 0.17578125 0.4931640625 0.1513671875 0.48828125 0.1044921875 0.4765625 0.103515625 0.4921875 0.107421875 0.51953125 0.1298828125 0.5498046875
1 1 0.3798828125 0.8916015625 0.3466796875 0.84765625 0.3232421875 0.75 0.23828125 0.7138671875 0.2099609375 0.6962890625 0.201171875 0.640625 0.1845703125 0.57421875 0.17578125 0.5234375 0.17578125 0.39453125 0.1845703125 0.3330078125 0.19921875 0.3037109375 0.2109375 0.240234375 0.248046875 0.185546875 0.294921875 0.1689453125 0.306640625 0.1435546875 0.3173828125 0.1240234375 0.3359375 0.1025390625 0.3828125 0.09375 0.4619140625 0.0966796875 0.494140625 0.109375 0.529296875 0.1259765625 0.5595703125 0.1630859375 0.59375 0.1875 0.6611328125 0.21484375 0.69140625 0.23828125 0.701171875 0.2548828125 0.7001953125 0.265625 0.6953125 0.294921875 0.671875 0.302734375 0.6572265625 0.3193359375 0.6533203125 0.517578125 0.708984375 0.64453125 0.736328125 0.6572265625 0.7470703125 0.70703125 0.7646484375 0.736328125 0.78125 0.7685546875 0.83984375 0.791015625 0.8701171875 0.8193359375 0.892578125 0.8505859375 0.9052734375 0.86328125 0.9072265625 0.8857421875 0.90234375 0.9482421875 0.849609375 0.9765625 0.84765625 1 0.8525390625 1 0.3798828125