6 0.1162109375 0.5849609375 0.1337890625 0.5849609375 0.1650390625 0.5703125 0.1748046875 0.5498046875 0.12109375 0.546875 0.1162109375 0.5849609375
3 0.1005859375 0.6328125 0.1103515625 0.6904296875 0.1259765625 0.71875 0.169921875 0.7177734375 0.169921875 0.6552734375 0.1767578125 0.6171875 0.1962890625 0.5859375 0.169921875 0.5859375 0.16796875 0.5673828125 0.111328125 0.59765625 0.1005859375 0.6328125
2 0.6669921875 0.552734375 0.7021484375 0.4609375 0.6962890625 0.4423828125 0.4736328125 0.4658203125 0.3076171875 0.486328125 0.3388671875 0.68359375 0.5673828125 0.6611328125 0.6171875 0.6611328125 0.6669921875 0.552734375
13 0.8134765625 0.525390625 0.826171875 0.51953125 0.8193359375 0.50390625 0.8193359375 0.4775390625 0.8125 0.515625 0.8134765625 0.525390625
10 0.75 0.5576171875 0.763671875 0.5859375 0.7783203125 0.6142578125 0.771484375 0.6640625 0.7822265625 0.6650390625 0.8232421875 0.642578125 0.8291015625 0.6044921875 0.8330078125 0.5546875 0.8251953125 0.529296875 0.8173828125 0.529296875 0.8173828125 0.546875 0.75 0.5576171875
14 0.216796875 0.58984375 0.1923828125 0.6279296875 0.1875 0.6650390625 0.1826171875 0.705078125 0.1796875 0.7314453125 0.2021484375 0.7587890625 0.220703125 0.7763671875 0.2509765625 0.7763671875 0.283203125 0.76953125 0.30078125 0.7431640625 0.3056640625 0.701171875 0.302734375 0.65625 0.2958984375 0.62109375 0.259765625 0.583984375 0.216796875 0.58984375
14 0.7666015625 0.69921875 0.7744140625 0.6708984375 0.7744140625 0.6337890625 0.759765625 0.595703125 0.734375 0.5654296875 0.70703125 0.5634765625 0.6689453125 0.5908203125 0.666015625 0.61328125 0.66015625 0.6181640625 0.6552734375 0.6416015625 0.66015625 0.6689453125 0.66796875 0.697265625 0.6787109375 0.7158203125 0.6923828125 0.7177734375 0.6923828125 0.7197265625 0.6982421875 0.6923828125 0.7080078125 0.72265625 0.74609375 0.7177734375 0.7666015625 0.69921875
15 0.677734375 0.37890625 0.6484375 0.361328125 0.6044921875 0.3466796875 0.556640625 0.3349609375 0.517578125 0.3408203125 0.4765625 0.3466796875 0.4384765625 0.3662109375 0.40234375 0.3994140625 0.37109375 0.412109375 0.3359375 0.4462890625 0.33344914375 0.459228515625 0.3330078125 0.470703125 0.3330078125 0.4716796875 0.3330078125 0.4736328125 0.3515625 0.4873046875 0.423828125 0.470703125 0.4619140625 0.4658203125 0.5166015625 0.4560546875 0.5517578125 0.4482421875 0.5869140625 0.4501953125 0.6259765625 0.44140625 0.6669921875 0.4404296875 0.6953125 0.427734375 0.6875 0.4072265625 0.677734375 0.37890625
9 0.2998046875 0.4970703125 0.2626953125 0.5 0.2451171875 0.5048828125 0.212890625 0.515625 0.185546875 0.5205078125 0.1787109375 0.576171875 0.1884765625 0.578125 0.2275390625 0.568359375 0.26953125 0.5751953125 0.2890625 0.5947265625 0.3173828125 0.634765625 0.314453125 0.6640625 0.322265625 0.69140625 0.3388671875 0.6796875 0.326171875 0.6279296875 0.31640625 0.5908203125 0.306640625 0.537109375 0.2998046875 0.4970703125
9 0.658203125 0.6328125 0.6669921875 0.6044921875 0.673828125 0.5859375 0.685546875 0.5703125 0.697265625 0.5517578125 0.7177734375 0.5478515625 0.7373046875 0.5478515625 0.7685546875 0.5849609375 0.7841796875 0.591796875 0.814453125 0.583984375 0.814453125 0.568359375 0.814453125 0.5361328125 0.8193359375 0.505859375 0.8154296875 0.4482421875 0.7998046875 0.439453125 0.7734375 0.421875 0.7412109375 0.396484375 0.7119140625 0.3818359375 0.7080078125 0.408203125 0.69921875 0.4462890625 0.7177734375 0.41015625 0.70703125 0.4482421875 0.70703125 0.44921875 0.6923828125 0.5 0.669921875 0.546875 0.658203125 0.5654296875 0.64453125 0.609375 0.6181640625 0.6513671875 0.634765625 0.66015625 0.6552734375 0.65234375 0.658203125 0.6328125
1 0.1025390625 0.6474609375 0.109375 0.697265625 0.1240234375 0.724609375 0.1669921875 0.7275390625 0.177734375 0.7353515625 0.189453125 0.755859375 0.2041015625 0.76953125 0.2431640625 0.779296875 0.263671875 0.7783203125 0.275390625 0.7734375 0.29296875 0.75 0.30078125 0.728515625 0.3076171875 0.72265625 0.337890625 0.7158203125 0.4638671875 0.703125 0.6494140625 0.69140625 0.6591796875 0.697265625 0.6806640625 0.7373046875 0.6953125 0.7470703125 0.7314453125 0.748046875 0.75 0.736328125 0.76953125 0.677734375 0.8125 0.6552734375 0.8232421875 0.6455078125 0.830078125 0.626953125 0.8349609375 0.56640625 0.8291015625 0.53125 0.8232421875 0.5185546875 0.8251953125 0.451171875 0.822265625 0.4423828125 0.794921875 0.427734375 0.767578125 0.419921875 0.697265625 0.365234375 0.6572265625 0.3408203125 0.6220703125 0.3271484375 0.59765625 0.322265625 0.5205078125 0.3203125 0.466796875 0.328125 0.421875 0.3427734375 0.376953125 0.373046875 0.3271484375 0.4169921875 0.28515625 0.4462890625 0.189453125 0.4873046875 0.1455078125 0.5234375 0.12109375 0.5615234375 0.109375 0.59375 0.103515625 0.6279296875 0.1025390625 0.6474609375