7 0.099974140625 0.46839878593749995 0.14055505468750001 0.4994834609375 0.19309969062500001 0.5135996296875 0.217537528125 0.48451868437499995 0.23854546718749997 0.4882023109375 0.26271784375 0.521993534375 0.3820749390625 0.50846665625 0.427724871875 0.4850117640625 0.56099984375 0.3796834234375 0.5773558765625 0.38581986874999996 0.6055210484375 0.38285959062499997 0.6150319515625 0.361239178125 0.6177472984375 0.321676115625 0.3350777359375 0.32290957656249997 0.218278471875 0.3234023734375 0.1541229890625 0.357639753125 0.10616602343749999 0.424542559375 0.099974140625 0.46839878593749995
6 0.5751916984375 0.4960248 0.5961092906250001 0.42410841406250005 0.594222303125 0.3968123765625 0.5578266109375 0.4055474265625 0.45082982187500004 0.4806194515625 0.4100825921875 0.532035359375 0.4418700875 0.572881734375 0.49988912343749997 0.5550003875 0.5751916984375 0.4960248
6 0.0629134703125 0.48014955312499996 0.0775224375 0.54440418125 0.098696690625 0.46558722656249996 0.10192243125 0.43088022812500004 0.07671753906249999 0.462005678125 0.0629134703125 0.48014955312499996
3 0.2292677671875 0.65217975625 0.1645581828125 0.634432465625 0.1274596703125 0.561740225 0.0891799234375 0.5245220374999999 0.081763096875 0.5567237125 0.070061903125 0.5294772484375 0.06361335781250001 0.58023404375 0.0679006578125 0.6210249796875 0.0719779359375 0.6971878921875 0.0925162578125 0.7618012609375 0.186869684375 0.799999459375 0.4719366265625 0.8309181000000001 0.5685563109375 0.759882578125 0.6037270609375 0.739492975 0.632586534375 0.546944978125 0.5991132765625 0.499402190625 0.5253448140625 0.5542887703125 0.45163178750000005 0.5816751546875001 0.4283256140625 0.565467840625 0.3982180171875 0.5686322765625 0.34663872812499996 0.5917284281249999 0.3015458265625 0.6485107921875 0.2292677671875 0.65217975625
2 0.8896956765624999 0.2371225140625 0.6982470828125 0.3682039828125 0.71285605 0.4324586109375 0.7400643890625 0.66330101875 0.9070810125 0.5239860953125001 0.9426339640625001 0.3484095359375 0.90737873125 0.255884725 0.8896956765624999 0.2371225140625
5 0.420419203125 0.135226440625 0.3808590859375 0.15608536875 0.356669103125 0.192005871875 0.32446156406250004 0.221903446875 0.2877537703125 0.2650392578125 0.255648309375 0.2959080453125 0.28799870156249996 0.332767490625 0.3171350859375 0.32970513281249997 0.3855282953125 0.3264444828125 0.42325100937500004 0.3303352 0.492819590625 0.32891489687500003 0.527885328125 0.32621128125 0.56657925625 0.32999992031250003 0.6140140984375 0.33286984999999997 0.6337504546875 0.2964275171875 0.6496048937500001 0.241736296875 0.6649489390625 0.18218901406250002 0.6746173578125 0.13403962187500001 0.643439403125 0.1176777234375 0.5783185734375 0.11470278125 0.5319045171875 0.12154497812500001 0.471995559375 0.13078748906249998 0.442859175 0.1338498453125 0.420419203125 0.135226440625
14 0.7216697171875001 0.6190831171875 0.6989264421875 0.5988888734375 0.665598971875 0.5994459062499999 0.6546589671875 0.6074693390625 0.6425931671875 0.62346663125 0.6313965015624999 0.63839063125 0.6217310140625 0.6678828234374999 0.6207598 0.6679849015625 0.6176886453125 0.6948201187499999 0.6136987828125 0.7129144203125 0.616761140625 0.7420508046875 0.6202318124999999 0.7750720390625 0.6201763734375 0.8025722328124999 0.624364528125 0.82373475625 0.634175803125 0.842342384375 0.6369844296875 0.8597221359375 0.66443211875 0.8686205687499999 0.683395553125 0.8715371390625 0.6981183296875 0.8621341796875001 0.7118203203125 0.8430190921875 0.72552524375 0.8052468046874999 0.732586259375 0.7603172859375 0.7406680640625 0.7250998953125001 0.73786236875 0.68906294375 0.737815728125 0.6605915375 0.7216697171875001 0.6190831171875
14 0.8926615390625001 0.55495989375 0.8943414359374999 0.5989707046875 0.9148856234375 0.6262696734375 0.9267443343749999 0.6269871578124999 0.94207958125 0.6234114734375 0.9617605015624999 0.6144693343750001 0.9745933578124999 0.5964275375 0.9866620890625001 0.5617730453124999 0.9875866625 0.5331995609375 0.9886133140625001 0.5055972890625 0.987443809375 0.466442540625 0.9748734796875 0.44026936875 0.966085925 0.4127166703125 0.9497298921875 0.406580225 0.9318893203125 0.41434699375 0.9203339125 0.43520035 0.9143461859375 0.480999003125 0.9085130453125 0.518925875 0.9035519703125001 0.5371222546875 0.8926615390625001 0.55495989375
15 0.6871293171875 0.2063701875 0.6889667312500001 0.22385201718749997 0.6949397921875 0.271339365625 0.7190684625 0.25800198281250003 0.741304278125 0.2546829625 0.7680869875 0.2665971109375 0.788581603125 0.2840818734375 0.7922622968749999 0.281731134375 0.8240585890625001 0.266605909375 0.854271196875 0.24575548593750002 0.87528206875 0.2307819125 0.8891882171875001 0.21360925000000003 0.8981887265624999 0.187132775 0.8803540203125 0.15758514375 0.8558229031250001 0.1297232765625 0.8366057375 0.1150500734375 0.8048619515625001 0.1213323046875 0.7659113609375 0.12444423593750001 0.7373874484375 0.13333386875 0.719751034375 0.1430430640625 0.701140475 0.1715115390625 0.6871293171875 0.2063701875
12 0.7759529046875 0.3040660953125 0.7889374109375 0.29680971875 0.7898590515625 0.286893434375 0.7876628953125 0.27534095937499997 0.7725347375 0.2622018671875 0.7573540750000001 0.25790576875000004 0.74431999375 0.25534793906250003 0.728372275 0.2530963453125 0.7116575015625 0.25288925624999997 0.6991338125000001 0.255187490625 0.6920261546875001 0.2716456015625 0.6966226234375 0.296692978125 0.6984600375000001 0.3141748078125 0.7104704 0.32567770937499996 0.7412954796875 0.3106545625 0.7759529046875 0.3040660953125
9 0.6235103390625001 0.40453543906249995 0.610318740625 0.42850659062499996 0.5978941984375 0.45043323749999997 0.5900194859375001 0.46893585312499997 0.577288709375 0.48794886249999997 0.59921535625 0.5003734046874999 0.6125031671875 0.514687865625 0.6314636703125001 0.5362616375 0.6372880140625 0.554306365625 0.640411675 0.5186281546875 0.6488492875 0.496138609375 0.6697055749999999 0.48903681718750003 0.6934229968750001 0.49047178281250003 0.7214335828125 0.495383284375 0.74014035625 0.5052004234374999 0.7133110046875 0.46481486875 0.7116806796875 0.4306182640625 0.692061065625 0.374745809375 0.6941085015625 0.3568556640625 0.6727418203125 0.35910139375 0.6576661671874999 0.3371193078125 0.6370665421874999 0.3373205328125 0.6216787890625 0.34973920937499997 0.620293396875 0.3832708375 0.6235103390625001 0.40453543906249995
1 0.10002929687499999 0.7678852015625 0.1150553765625 0.7800530796875 0.1694899328125 0.8028080859375001 0.300956534375 0.8204125234375 0.34823679375 0.831154234375 0.468460090625 0.835211265625 0.5078160609375 0.8546413859375 0.542727215625 0.8598095515624999 0.5701749046875 0.8687079828125001 0.6157664671874999 0.8914104843749999 0.6526200484375 0.8963744921875 0.6752146046874999 0.887126115625 0.6878928765625 0.8769561015624999 0.709979971875 0.8441944625 0.7215383140625 0.80468390625 0.7286051953125 0.7224399874999999 0.7415430625 0.6867122046875 0.75677623125 0.682165309375 0.7804965859374999 0.6649430734374999 0.8721026890625 0.6209469249999999 0.88273645625 0.6100098546875 0.8996553875 0.6121593703125 0.9143227250000001 0.630256603125 0.9265897515624999 0.6348589375 0.954857 0.632869871875 0.9668702953125001 0.6257155734375 0.9771482546874999 0.6020506578125 0.9824710031249999 0.5592677234375001 0.9914715140625001 0.532791246875 0.9797383421875001 0.3837873765625 0.9668151375 0.3262291578125 0.9521507328125001 0.289474725 0.94520645625 0.2420894546875 0.9155655453125 0.202981346875 0.8839355687499999 0.135605990625 0.8736634750000001 0.12195650625000001 0.85991484375 0.1126001875 0.82214255625 0.0988952640625 0.7705166265625001 0.0935200109375 0.62718838125 0.093855290625 0.5387059390625 0.102173228125 0.487537896875 0.11049703125000002 0.4340686890625 0.124954346875 0.3814161078125 0.1471813640625 0.34378960625 0.18157626093749998 0.2553945796875 0.2841514125 0.24425041875 0.29023241875 0.2271273296875 0.286140478125 0.19190700624999998 0.29671587499999996 0.19369191562500002 0.3230407 0.188885425 0.3333652984375 0.14655744375 0.3603988078125 0.12017718125000001 0.389683909375 0.0804507390625 0.45081194375000005 0.0674107921875 0.485568515625 0.06760908437499999 0.524825340625 0.0612626171875 0.57655335 0.07846725624999999 0.7122169046875 0.086385678125 0.74084289375 0.10002929687499999 0.7678852015625