2 0.6989607734375001 0.35750313125 0.4756157859375 0.46167035937499995 0.517730459375 0.7565877046875 0.8516940046875 0.5837400296874999 0.862664103125 0.4967940921875 0.881252278125 0.415800046875 0.8927143687499999 0.3809402046875 0.8749973656250001 0.28472594687499997 0.6989607734375001 0.35750313125
6 0.0630531546875 0.7396067296875 0.1446766234375 0.7472947609375 0.15068129375 0.6599746046875 0.056643629687499995 0.67939215 0.0630531546875 0.7396067296875
3 0.154590303125 0.755916478125 0.028652184375 0.7398950531249999 0.046997370312499995 0.8812914093750001 0.167390934375 0.9403011625 0.30286975625 0.913827490625 0.2996907609375 0.8719102796874999 0.296954703125 0.7935345218750001 0.3152030171875 0.7017593453125001 0.24718263281250002 0.7327408140625 0.154590303125 0.755916478125
7 0.0064642234375 0.5832281890625 0.01695455 0.66065184375 0.059432467187500004 0.6780658265625 0.14573304375 0.6517271078125 0.22463763281250002 0.5731661 0.35635957500000004 0.49205552187499996 0.42890369687499996 0.44182457968750005 0.349558653125 0.44467965156249994 0.2737680640625 0.42840426249999997 0.24110199375 0.41076943125 0.0948236203125 0.5015384843749999 0.019592496875 0.5619383140624999 0.0064642234375 0.5832281890625
15 0.6812609484375 0.2534155953125 0.691088734375 0.301403709375 0.695866434375 0.3323017640625 0.7011545453125 0.3513303921875 0.856122109375 0.27523678125 0.8175728640625 0.2337269078125 0.7869815499999999 0.2089500546875 0.757240509375 0.18308490625 0.7242174 0.1625422265625 0.6890851734375001 0.164888128125 0.665907028125 0.184460284375 0.6812609484375 0.2534155953125
14 0.4636689578125 0.8852287640625001 0.4719851734375 0.84878739375 0.46535479999999996 0.7787609671875 0.461020034375 0.7114043640625 0.4343230359375 0.6782781796874999 0.41560115 0.6540117375000001 0.3923727078125 0.641121490625 0.356033171875 0.6416478390625 0.33163053750000004 0.667273721875 0.31549258125 0.6800780718749999 0.3148288 0.706724775 0.30884254843750003 0.730089409375 0.3068180875 0.769693834375 0.3034673015625 0.8065094234375 0.3069689765625 0.8670810421875 0.311865690625 0.89894838125 0.32669326249999997 0.9315641546875 0.3463500734375 0.97145814375 0.3815669546875 0.985828084375 0.42652820625 0.9753880546874999 0.45484233281249997 0.9335395609375 0.4636689578125 0.8852287640625001
14 0.9338647234374999 0.4516475921875 0.91342511875 0.437431021875 0.8960798515624999 0.44841582031250005 0.88732194375 0.465233496875 0.8758770312499999 0.492220059375 0.8713361171875 0.5193428140624999 0.874889328125 0.5562945953125 0.8826767125 0.5956781734375001 0.8946136156250001 0.62077770625 0.9057174265624999 0.63909225625 0.9221780640624999 0.6449423140625 0.959724909375 0.6462355203125 0.964572565625 0.5895582125 0.965865771875 0.5520113656250001 0.9552048953125001 0.49723826718749997 0.943778403125 0.460269309375 0.9338647234374999 0.4516475921875
12 0.5442324765625 0.3794530671875 0.51529016875 0.3761194609375 0.5014306375 0.39946691562500003 0.48694168437499996 0.4337145140625 0.5109185625 0.43667390156249997 0.5515266296875 0.42283279062499995 0.5682768312500001 0.40700157656249997 0.5649616453124999 0.3719883625 0.5442324765625 0.3794530671875
9 0.4784843140625 0.7013888500000001 0.48965560156250004 0.7442925218750001 0.4983276140625 0.76684124375 0.5196690265624999 0.756349678125 0.47088838125 0.4632347078125 0.4526425484375 0.44284540000000006 0.4331035109375 0.4600029359375 0.35168246718749996 0.5260822734375 0.25587554687499997 0.5791695296875 0.194878171875 0.6112564734375 0.164540825 0.63662715 0.159303009375 0.650060925 0.2163545359375 0.6499431515625 0.2304680296875 0.6767432265625 0.222645046875 0.70918845 0.252913678125 0.7153108921875 0.2867367609375 0.7023028734375 0.300868675 0.665147425 0.34081420156250003 0.621870775 0.38711895625000003 0.606346303125 0.428491396875 0.6307832953125 0.4587256703125 0.6526522984375001 0.4784843140625 0.7013888500000001
5 0.5023177484375 0.27046757499999996 0.5294761015625 0.2031796890625 0.498340021875 0.206018821875 0.453276934375 0.2076162875 0.40772061718749997 0.2132099 0.3798494265625 0.21859984531249999 0.369390978125 0.23759411406250003 0.35592284375 0.2481028609375 0.33136683906250003 0.28850601875000004 0.30036570937499996 0.340523396875 0.24752993750000002 0.407028490625 0.27305398593749997 0.4225885609375 0.31350868125 0.42352472656250006 0.3556295578125 0.43803085937499997 0.43800146562500003 0.4357880328125 0.456112346875 0.4069990953125 0.47847457968749996 0.3727686765625 0.4929807125 0.3306477984375 0.5023177484375 0.27046757499999996
1 1 0.46941868593749997 0.97223244375 0.2432700921875 0.9351788296875 0.237980740625 0.905743290625 0.23864328124999998 0.8843172218750001 0.2324190046875 0.865084925 0.2200219890625 0.8164858078125 0.17679439531250002 0.7757256109374999 0.1493305390625 0.7560000828125 0.1409296703125 0.6961769 0.134500484375 0.6357242921874999 0.1389714421875 0.5603582171875 0.150193025 0.4638887546875 0.17384474218749998 0.408605246875 0.19637504374999998 0.3849510484375 0.212070065625 0.3457196 0.2611624171875 0.33488693281250004 0.285122115625 0.2783948734375 0.36191510781249997 0.2667119359375 0.386963103125 0.25395788124999996 0.40328754843750003 0.1809548875 0.4417680796875 0.080522396875 0.505262246875 0.039029701562500005 0.5359382125 0.0060053500000000004 0.571477775 0.0435962890625 0.8856445953125001 0.1425466046875 0.94630335 0.1771856 0.9479535953125 0.296407453125 0.9333149921875 0.35116213125 0.9866096375 0.36447689375 0.9908781687499999 0.3790161453125 0.989092971875 0.41477779375 0.975846928125 0.43576216875 0.9624475109375 0.44256432968750004 0.9537411390624999 0.4666614625 0.9015875687499999 0.47655920468749996 0.862000321875 0.47809043593749995 0.82639204375 0.48259699375 0.8150158484375 0.5307556578125 0.7825375078125 0.74600651875 0.668541253125 0.836813653125 0.6308263390625 0.8488020921875 0.6323060328125 0.8584433890625001 0.654735740625 0.8908542546874999 0.678305284375 0.9137428359375 0.6804144015625 0.9367847890625001 0.6677462421875 0.9469880328125001 0.6546866859375 0.9566133906250001 0.6289074328125001 0.9641136937500001 0.5778077984375 0.9645738078124999 0.5334759703125 0.979028403125 0.51497493125 1 0.5006113062499999 1 0.46941868593749997