2 0.168190321875 0.6435388546875 0.5270948921875 0.755768421875 0.5173578921875001 0.45801839843750003 0.279317565625 0.3942171546875 0.0933177390625 0.353114053125 0.092577328125 0.4509431234375 0.10991863125000001 0.48328299531249996 0.142288878125 0.5598187578125 0.168190321875 0.6435388546875
6 0.9677719109374999 0.5996787546875 0.87179106875 0.596885675 0.8928675015625 0.6818365421875 0.9719159124999999 0.6600915421875 0.9677719109374999 0.5996787546875
3 1 0.6562165328125 0.8846015765624999 0.6920487671875 0.7893915218750001 0.6853036828125 0.7170246437500001 0.666604509375 0.7509323171875 0.7538166265624999 0.7618476328125 0.8314767937499999 0.7659957828125 0.8733092140625001 0.90401348125 0.8758550390625001 1 0.8058313578125 1 0.6562165328125
7 1 0.49571111874999996 0.9838645093749999 0.47757544375 0.89928799375 0.431156971875 0.7394700390625 0.3671678765625 0.710362496875 0.3902071984375 0.6385495265625 0.419396225 0.5599141359375001 0.43036265 0.6400786609375 0.46723331874999996 0.7838841546875 0.5242383687500001 0.87523198125 0.5879042203125 0.964795128125 0.5988568578125 1 0.5766086890625 1 0.49571111874999996
15 0.19163582343750002 0.2325689046875 0.1668380515625 0.26320558125 0.1410139453125 0.2929181421875 0.1102584625 0.3404913953125 0.27608523749999997 0.3885191375 0.2779887234375 0.3688613265625 0.2773284484375 0.33760304375 0.278673878125 0.2886374 0.28182057656250004 0.21806349374999998 0.25559588906249997 0.2028135265625 0.2205900375 0.20660391093750002 0.19163582343750002 0.2325689046875
14 0.6098604984375 0.637016246875 0.5956368640624999 0.6641650484375 0.575097753125 0.70142385625 0.58252519375 0.7685098859374999 0.5881555140625 0.83862380625 0.6026733656250001 0.8730674546875001 0.619754975 0.919111575 0.6549058609375 0.9554075984375 0.7009969421875 0.95788158125 0.7331834859375 0.9376146046875 0.745614146875 0.8949133265625001 0.7545527859375001 0.8602182781250001 0.7538414015625 0.827984771875 0.7467717281249999 0.7677253109375 0.7370788890625 0.7320508921875 0.728207946875 0.693399690625 0.7182554140625 0.67142951875 0.712974565625 0.6453029046875 0.694858328125 0.6354954078125 0.6663765374999999 0.6144963140625 0.6304976812499999 0.6202882546875 0.6098604984375 0.637016246875
14 0.0726528765625 0.7238442671875001 0.10940473749999999 0.7160507671875 0.12459944999999999 0.7074312234375 0.13235428124999998 0.68746675625 0.139751346875 0.6606757203125 0.1405815359375 0.6205382015625001 0.13766415781250002 0.5835307937499999 0.1284824125 0.557608615625 0.1125252078125 0.533019428125 0.1009799921875 0.51797804375 0.08199075 0.5101721046875001 0.06433035000000001 0.5277219921875 0.056064424999999994 0.5379342171875 0.0512311203125 0.576325725 0.0502434546875 0.6321179390625 0.058036954687499996 0.6688698015625001 0.0726528765625 0.7238442671875001
12 0.5013495765625 0.4324539859375 0.481133709375 0.40124266718749996 0.46343049374999995 0.38065659375 0.43550675937500005 0.388965334375 0.4137962796875 0.38521361875000004 0.416611440625 0.42027057812499996 0.43585623125 0.43295263906250003 0.47825085312500004 0.4395319546875 0.5013495765625 0.4324539859375
9 0.6505933953125 0.49993095624999995 0.5589347640625 0.4489941296875 0.53671319375 0.435490171875 0.522285121875 0.45873807656250004 0.52514444375 0.755870640625 0.547983475 0.7624969187499999 0.5526081953124999 0.738784884375 0.5561596203125 0.694593140625 0.5671550734374999 0.6431659546875 0.59313250625 0.6163790640625 0.62963296875 0.5851290765625 0.6779300453125 0.592376959375 0.724783621875 0.6280596734375 0.7451528171875 0.662196665625 0.78072086875 0.6691337468749999 0.8094665015625001 0.6578482250000001 0.7961283124999999 0.6272543640625 0.8053736078125 0.5984106609375 0.8615788421874999 0.5886197515625 0.854087853125 0.5762996031250001 0.8198058265625001 0.5565823875 0.7541632984375 0.5355749999999999 0.6505933953125 0.49993095624999995
5 0.477504946875 0.3320017515625 0.4991049125 0.37096375625 0.5270714640625 0.40079097656249996 0.5499063484375 0.42599762343750003 0.6314163015625 0.413902646875 0.6703783062500001 0.39230268125 0.7100558390625 0.384355853125 0.7324901421875001 0.3645999703125 0.668908575 0.308280075 0.6293457 0.2624362453125 0.5981468203125 0.22691100937500003 0.583058475 0.21890063125 0.5694605921875 0.20201101718749997 0.5410768734375 0.20154274062500002 0.4952413375 0.203944878125 0.45058546406250005 0.21019680468750002 0.4194294 0.212807528125 0.4578595765625 0.2743571609375 0.477504946875 0.3320017515625
1 1 0.5043978234375001 0.9989017468749999 0.48461059687499997 0.9602077296875 0.45534557812500004 0.914018575 0.4323407796875 0.8040862328125 0.38725115 0.7255102453125 0.36203206250000003 0.71011524375 0.34817034062499996 0.69426025625 0.32553160000000003 0.625291475 0.2597150109375 0.610462821875 0.2380003859375 0.5633025921875 0.196466328125 0.5372823421875 0.18511725625 0.47892636875 0.1725291203125 0.379815415625 0.1659884734375 0.3036457125 0.168024553125 0.24333514374999998 0.1741190046875 0.185537225 0.190838703125 0.16757016875 0.20253724687500002 0.13219825937500002 0.2366617984375 0.0918438625 0.287671815625 0.0750564671875 0.303220146875 0.05503674374999999 0.313070459375 0.025933346875000002 0.3175294125 0 0.32601776562499996 0 0.5130929546874999 0.0038029031249999998 0.5856566515625 0.030849484375000003 0.5979298375 0.048297154687499996 0.613639790625 0.05644841874999999 0.6572182203125 0.0727081328125 0.706239121875 0.0866637796875 0.7299553046875 0.0989797828125 0.7410446828125 0.12387147968750001 0.7495191906249999 0.1460460875 0.7434675562499999 0.1738717515625 0.7146279984375 0.179471696875 0.690864853125 0.1910210578125 0.68732586875 0.286997753125 0.708699315625 0.5187737125 0.7835857921875 0.5718405453125001 0.8072080500000001 0.5782540921875 0.817628859375 0.5859453734375 0.8524302718750001 0.6025669984375 0.8896973750000001 0.635354415625 0.9368741937499999 0.6435650828124999 0.9442671109375 0.666557440625 0.9538190625 0.7040759421875 0.9606539250000001 0.7187043046875 0.9598872859375 0.7310755640625 0.95337151875 0.7757438765625 0.8913784890625 0.8956964484375 0.8850920406249999 0.9295226375000001 0.87745186875 1 0.8150785265625 1 0.5043978234375001