2 0.144405365625 0.565219025 0.4688650765625 0.75530811875 0.526356815625 0.4629990609375 0.30876960625 0.34728561562500004 0.136783128125 0.2653951265625 0.11405494062499999 0.3605502890625 0.1236769 0.3959622375 0.1380007 0.47781811406249997 0.144405365625 0.565219025
6 0.93336010625 0.702349778125 0.840467553125 0.67803729375 0.841894009375 0.7655520421875 0.923807978125 0.7621463890625 0.93336010625 0.702349778125
3 0.7402901765625 0.7456532890625 0.67398445625 0.71115436875 0.6874046203125 0.8037588124999999 0.6805704421875001 0.881883965625 0.6752020265625001 0.9235773546875 0.8091096546875001 0.9571051578124999 0.9324265546875001 0.9044771890625001 0.9581467124999999 0.7642347234375 0.831542690625 0.7736430999999999 0.7402901765625 0.7456532890625
7 0.9765075203125001 0.5869960140625 0.90454058125 0.5227416687499999 0.7632131640625001 0.42444139375 0.729668925 0.4403424453125 0.653130415625 0.45262895625 0.574043534375 0.4456252 0.643859353125 0.49958396875 0.771155775 0.5874771812499999 0.8458406625 0.6700600703124999 0.93064450625 0.7008793171875001 0.973975584375 0.685712321875 0.988503575 0.60894379375 0.9765075203125001 0.5869960140625
15 0.25969808437499997 0.1700562984375 0.22864412343749999 0.194329475 0.1967980171875 0.21747134531249998 0.15612914218750001 0.2569068203125 0.3069018953125 0.34100652343750004 0.313178640625 0.32228073125 0.3195668734375 0.2916750671875 0.33189269375 0.24426706406249998 0.350834415625 0.1762098171875 0.3287123609375 0.155451434375 0.2937510578125 0.15127006875 0.25969808437499997 0.1700562984375
14 0.5762228328125001 0.6582177640625 0.5562565968750001 0.681471121875 0.52786249375 0.7131546953125001 0.520008496875 0.780192125 0.5097223125 0.8497755765624999 0.5161199359374999 0.8866022421875 0.522406071875 0.9353087796875 0.5484912140625 0.97858176875 0.592844459375 0.9913605796875 0.6287651421875 0.9788534421874999 0.650482903125 0.9400428843749999 0.6669971343750001 0.9082478249999999 0.6735549437499999 0.876680434375 0.6802218921875001 0.8163750890625 0.6788024796875 0.7794345890625001 0.678853528125 0.7397784890625 0.674098290625 0.7161325781250001 0.67483 0.6894876546875001 0.6593842875 0.6758562546875 0.6363562515625001 0.6489883578125 0.6000940640625 0.6465608656249999 0.5762228328125001 0.6582177640625
14 0.0332517515625 0.621974965625 0.070814821875 0.622648584375 0.08755906875 0.6176680250000001 0.0996061734375 0.5999597046875 0.11284032343749999 0.5755192984375 0.1226782125 0.5365972546875 0.1281604625 0.49988207500000004 0.125045265625 0.4725588375 0.11502840624999999 0.4450102796875 0.1071626703125 0.427757296875 0.0904160734375 0.41587977187499997 0.06926044375 0.42900713125 0.0589091234375 0.437098190625 0.045563485937499995 0.47341846875 0.032050617187500005 0.52755855625 0.0313769984375 0.5651216265625 0.0332517515625 0.621974965625
12 0.516509534375 0.434488775 0.5038328187500001 0.39952981875 0.49121419375 0.37548900937499996 0.46213708125 0.37730332187500004 0.44182699375 0.36876396875 0.4366839015625 0.40355569375 0.45258260625 0.42024185000000003 0.4924106328125 0.43618925468749997 0.516509534375 0.434488775
9 0.646749228125 0.53380886875 0.5688980953125 0.4635588421875 0.550283790625 0.44540222500000004 0.53099586875 0.464808678125 0.4669416234375 0.7549689625 0.4877047015625 0.7665630734375 0.4975449390625 0.7444991109375 0.510946321875 0.702238896875 0.5332285609375 0.654603225 0.5645659328125 0.6343465328125 0.6071606093749999 0.612108296875 0.652589415625 0.630034896875 0.6902152734375 0.6753428234375 0.7023832546875 0.713186959375 0.735479196875 0.727947315625 0.7660267703125 0.7234174015625 0.759912559375 0.6906072203125 0.77540931875 0.6645825171874999 0.83237649375 0.667685975 0.827848928125 0.653996484375 0.79888095625 0.6270728421875 0.739646475 0.5918375171875 0.646749228125 0.53380886875
5 0.5158728765625 0.33124725 0.52815469375 0.3740695953125 0.5486947984375 0.4094234515625 0.5652741625 0.43912078593750004 0.6474158015625 0.44567155156249993 0.6902381453124999 0.4333897359375 0.73068639375 0.4345720875 0.7569898140625 0.4203691671875 0.707707059375 0.35119000625 0.6794707953125 0.2976214421875 0.65706298125 0.2559884921875 0.644163290625 0.24478928125000002 0.6347132578125 0.2252736890625 0.6071623515625 0.218432465625 0.5619612140625 0.2104622859375 0.517043490625 0.20650859062500002 0.48609866874999996 0.2020438109375 0.509698228125 0.270660840625 0.5158728765625 0.33124725
1 0 0.4739429140625 0.0208443609375 0.48988399843749997 0.034310878125 0.509116178125 0.0324502125 0.5534113328125 0.0372658875 0.6048334703125 0.0455288734375 0.6310811468749999 0.05503465 0.6446568015625 0.077382025 0.658513521875 0.10034962031250001 0.6576051921875 0.13394960312499998 0.6357642046875001 0.144751565625 0.6138698203125 0.1568010171875 0.61301958125 0.24550985625 0.6554352859375 0.45449962031249996 0.7805406734375 0.5008925015625 0.815494934375 0.5047974984375 0.8270913921874999 0.5044630375 0.8627310093749999 0.512275378125 0.9027820109375 0.5336099796875 0.9561252546875 0.5399471640625 0.9651756921875 0.5602015078125 0.9796549812500001 0.595220903125 0.99475449375 0.6096467984375 0.9972981671875001 0.623166709375 0.993732328125 0.6806355765625 0.943376359375 0.7989279125000001 0.9642344906250001 0.8336058046874999 0.964399371875 0.935595146875 0.90900240625 0.9895767890625 0.5972335 0.95845769375 0.5600142828125 0.9186273187499999 0.5272087953125 0.8216554953124999 0.458545415625 0.7507664640625 0.41629693906250004 0.7388842453125 0.3993273703125 0.728528228125 0.37370226406249996 0.6761326249999999 0.29405795 0.66656875625 0.26956414687499997 0.6299603703125001 0.2184858609375 0.607160003125 0.20157438437500003 0.553131403125 0.17618164218750001 0.458031984375 0.14751351875000002 0.3833564875 0.132362959375 0.32322072031250004 0.12473428281250001 0.2631430453125 0.1280237546875 0.24300488437499998 0.13538075624999998 0.2008632 0.16067374843749999 0.1500683265625 0.2012986203125 0.1302135796875 0.21267210625000002 0.10849112187500001 0.21776649843749998 0.079130596875 0.215564328125 0.041850939062499995 0.21890719375 0 0.4562556703125 0 0.4739429140625