1 0.16765285937500002 0.757731959375 0.21499013749999998 0.7912371140625 0.2268244578125 0.8144329890625001 0.236686390625 0.894329896875 0.25246548281250003 0.9381443296875001 0.2702169625 0.9484536078125 0.317554240625 0.9484536078125 0.3747534515625 0.912371134375 0.6055226828125 0.9226804124999999 0.77120315625 0.9097938140625 0.8007889546875001 0.8917525765625 0.8422090734375001 0.835051546875 0.8698224859374999 0.75 0.8698224859374999 0.7268041234375 0.832347140625 0.6211340203125 0.7672583828125 0.5644329890625001 0.74161735625 0.5231958765625 0.6666666671875 0.47938144375 0.6587771203125 0.4561855671875 0.629191321875 0.430412371875 0.5779092703125001 0.3582474234375 0.5345167656250001 0.3273195875 0.459566075 0.3015463921875 0.25246548281250003 0.286082475 0.1913214984375 0.3041237109375 0.1597633140625 0.337628865625 0.1341222875 0.40206185625 0.1183431953125 0.471649484375 0.09467455625 0.5180412375000001 0.0848126234375 0.595360825 0.09467455625 0.757731959375 0.1459566078125 0.77061855625 0.16765285937500002 0.757731959375
6 0.4418145953125 0.6134020625 0.38856015781250003 0.585051546875 0.3214990140625 0.5798969078125 0.30177514843750003 0.595360825 0.30177514843750003 0.6211340203125 0.317554240625 0.6494845359375 0.33727810625 0.664948453125 0.424063115625 0.69072165 0.48126232812499997 0.69329896875 0.48915187343750005 0.6855670109374999 0.4773175546875 0.6494845359375 0.4418145953125 0.6134020625
6 0.8402366859375 0.6778350515625 0.846153846875 0.6623711343750001 0.832347140625 0.623711340625 0.8086785015625001 0.605670103125 0.7948717953125 0.6340206187499999 0.79684418125 0.6804123718749999 0.8402366859375 0.6778350515625
4 0.5128205125 0.567010309375 0.5364891515625 0.69329896875 0.5443786984375001 0.703608246875 0.6646942796875 0.7087628859375 0.7810650890625 0.6984536078125 0.7790927015625 0.6288659796875 0.7613412234375 0.5695876281250001 0.7140039453125 0.5798969078125 0.6311637078125 0.5798969078125 0.5128205125 0.567010309375
8 0.788954634375 0.8041237109375 0.8007889546875001 0.796391753125 0.8027613406249999 0.7345360828125 0.6844181453125 0.7345360828125 0.6173570015625 0.739690721875 0.615384615625 0.8092783499999999 0.788954634375 0.8041237109375
5 0.6071881140625 0.4015625015625 0.5727577578124999 0.3492151859375 0.5301892296874999 0.3246773765625 0.42689804374999996 0.308318825 0.3185987609375 0.304229215625 0.26423716875 0.3060055625 0.25662404843750003 0.3696633484375 0.2541200578125 0.41628518750000004 0.25662404843750003 0.43509752031250004 0.3123387265625 0.44409472968749997 0.40811782812499997 0.4424589 0.500140884375 0.44736646249999995 0.587155846875 0.456363634375 0.64224455625 0.4686325390625 0.644122578125 0.46372497656249995 0.6071881140625 0.4015625015625
12 0.180251190625 0.3966549390625 0.164600990625 0.41219557656249994 0.164600990625 0.422828615625 0.162097 0.43836921562500003 0.185259228125 0.44573055781250004 0.23346182031249998 0.4547278046875 0.24034788125 0.43509752031250004 0.21405557812499998 0.43182582500000005 0.2134295515625 0.41137762499999997 0.19965743281249998 0.395837025 0.180251190625 0.3966549390625
14 0.2879684421875 0.644329896875 0.27416173593750004 0.6365979375 0.248520709375 0.6778350515625 0.23865877656249998 0.721649484375 0.24260354999999997 0.9020618562499999 0.262327415625 0.9407216500000001 0.3333333328125 0.94329896875 0.3510848125 0.9226804124999999 0.3550295859375 0.8840206187499999 0.3214990140625 0.8118556703124999 0.2879684421875 0.644329896875
7 0.743657721875 0.5806885109375 0.7636898750000001 0.5667837765625 0.7517957765625 0.5406101390625 0.7330155609375 0.5152543765625001 0.6904470328125 0.48662695781250004 0.667910775 0.476811834375 0.6265943 0.469450490625 0.5132870359374999 0.4530919015625 0.36617532656249996 0.44000511875 0.2891764421875 0.4416409484375 0.25202715625 0.43978072187499995 0.251616009375 0.456363634375 0.24535591874999998 0.48417317656250003 0.2503640140625 0.4980779109375 0.2941844796875 0.5021675203125 0.351151153125 0.51689020625 0.45757235781250005 0.5455177 0.542083328125 0.5651479484374999 0.602806103125 0.5757809484374999 0.682308978125 0.5831422921875 0.743657721875 0.5806885109375
2 0.24222590156249998 0.48662695781250004 0.22657570312500003 0.458817415625 0.1276665859375 0.433461653125 0.11765045156250001 0.6534840625 0.203413475 0.7238257578125 0.2153075734375 0.7311871015625 0.24222590156249998 0.48662695781250004
15 0.23596581093750002 0.422828615625 0.24848599375 0.355758615625 0.24034788125 0.31568016718749997 0.2190636171875 0.3066829953125 0.1840072328125 0.3181339484375 0.16898306093749998 0.33694628125000003 0.14519480625 0.3942011578125 0.1355624234375 0.4238258859375 0.1320486546875 0.4367333859375 0.1827552375 0.44736646249999995 0.163975021875 0.433461653125 0.164600990625 0.41301349218750005 0.1752431515625 0.3925653296875 0.20591746562500002 0.3950191109375 0.21280358281249998 0.4081059296875 0.21968964375 0.4236465296875 0.23596581093750002 0.422828615625