14 0.8615863484374999 0.526743809375 0.8511125515625 0.59126920625 0.8520154078125 0.7137112171875 0.8346065765624999 0.737265878125 0.8373430796875001 0.7657010359374999 0.8543212656250001 0.7979703953125 0.9089161328124999 0.79148748125 0.9189592859375001 0.7827861015625001 0.929308046875 0.7584169140625 0.9383823343750001 0.6897129890625 0.9293810406249999 0.6112547312500001 0.9112499250000001 0.5368557843749999 0.9079057 0.49739488749999994 0.9025507484374999 0.48509107812499996 0.8905003609375 0.4785881890625 0.8727268968749999 0.49552740625 0.8615863484374999 0.526743809375
14 0.4912190984375 0.7013008734375 0.4920039015625 0.779176375 0.4854890390625 0.809465696875 0.4698443515625 0.8438143296874999 0.4769009296875 0.8869902156249999 0.4893159515625 0.9001085484375 0.5546832390625 0.898155146875 0.5705084968749999 0.888294915625 0.5817705890625 0.8592836609375001 0.5881674 0.78442783125 0.5811768328125 0.6788124828125001 0.55203020625 0.5954737265625 0.5383372203125 0.5803820156249999 0.5145385609375001 0.5940697890625 0.495848275 0.6580124328125 0.4912190984375 0.7013008734375
14 0.2503049703125 0.9123391125 0.25475008125 0.8869236296875 0.25158642656249997 0.87195113125 0.24093555000000003 0.8696267687500001 0.1528044796875 0.882831025 0.1332668703125 0.8889762703124999 0.13204793125 0.909286146875 0.1420875921875 0.9429461265624999 0.1613786203125 0.9747519421874999 0.17099462031249998 0.9795132234375 0.22869411562500003 0.9657195546875 0.2503049703125 0.9123391125
13 0.360085303125 0.379779465625 0.35599784218749997 0.49653311093749997 0.36195702500000004 0.5622240203125 0.3935450203125 0.562581665625 0.43712437812499993 0.5471589421874999 0.4168124421875 0.348344609375 0.4093877375 0.3409146390625 0.38303314843749997 0.35065565468750004 0.360085303125 0.379779465625
13 0.05910679375 0.49806894531249996 0.0671912640625 0.6235306281249999 0.085693996875 0.6198223015625001 0.0895904109375 0.6056643296875001 0.082533834375 0.5624884453125001 0.0800474046875 0.4537408671875 0.074876515625 0.4235641 0.0680595359375 0.427159871875 0.05910679375 0.49806894531249996
12 0.7777372796875001 0.2782373828125 0.78132459375 0.322108578125 0.7888708421875 0.3317436984375 0.8073735750000001 0.328035371875 0.8149823421875 0.3175923859375 0.8103601515625 0.27615810937499996 0.79898000625 0.26060285625 0.78510295625 0.2633841 0.7777372796875001 0.2782373828125
15 0.5915084703125 0.12382373124999999 0.5909597718749999 0.13508124375 0.6024614609375 0.1528416453125 0.616578109375 0.1968320546875 0.6310628828125 0.20507655156250001 0.6439015640625 0.2470935859375 0.6467596109375 0.277733890625 0.6618521078125 0.297004128125 0.6731697343749999 0.3326374875 0.7017746484375 0.3425110359375 0.757769025 0.340206646875 0.783515890625 0.319439890625 0.781998328125 0.27069485625 0.777799796875 0.2581592765625 0.7208990703125 0.18038301406249999 0.6513367437500001 0.1274394796875 0.6017947109375 0.11953264999999999 0.5915084703125 0.12382373124999999
15 0.5190636515625 0.33676940312500003 0.6279477796874999 0.3394713859375 0.6497982296875 0.3328625984375 0.6413421421875001 0.28550818906250003 0.60075634375 0.16433092968750002 0.5832884875000001 0.1656023375 0.5898623781250001 0.15759626875 0.582194584375 0.1457560015625 0.489073196875 0.15327189375 0.482256215625 0.156867665625 0.48322857499999994 0.1745088515625 0.4943656296875 0.18565380781250002 0.4945462015625 0.2101422078125 0.5190636515625 0.33676940312500003
2 0.69537434375 0.4597282234375 0.7020488296875 0.708095459375 0.7336368249999999 0.7084531015625 0.8314464140625001 0.679932021875 0.8356484375000001 0.6501062421875 0.82896696875 0.486461725 0.8202087656250001 0.41241376250000006 0.8043279734375 0.35762938125 0.772010709375 0.34404085 0.68637654375 0.3389086046875 0.6765174515625 0.329737028125 0.6720133140625 0.3328692578125 0.6715861609375 0.3463319171875 0.6871023203125 0.39450085625 0.69537434375 0.4597282234375
2 0.5576317390625001 0.5698264749999999 0.5746689515625001 0.6243790859375 0.58652829375 0.73347765 0.7008924078125001 0.708327228125 0.7033928046875 0.647629371875 0.6936102 0.448934253125 0.6816258234375 0.37999189843750003 0.6664743 0.3384384078125 0.531905825 0.336425078125 0.52058470625 0.34315307968750003 0.5312320921875 0.38783880000000004 0.543518584375 0.4834747046875 0.5527074328125 0.501698646875 0.5576317390625001 0.5698264749999999
11 0.3248614421875 0.1861832953125 0.2529202609375 0.196142765625 0.1939428015625 0.20796305468749998 0.129912503125 0.234173090625 0.1276586890625 0.256919884375 0.08668730625 0.38329533437499996 0.0801724421875 0.41358465468750005 0.0803530125 0.4380730578125 0.19161250000000002 0.4202333921875 0.20256898437499998 0.40688994687499996 0.216446034375 0.4041087 0.2274615453125 0.413048509375 0.28643900625 0.4012282171875 0.3346440453125 0.3848784140625 0.35211539375 0.341245646875 0.354740828125 0.24039157812499998 0.3669162515625 0.20673825781250002 0.34944839375000003 0.20800966562499998 0.34165905625000004 0.19396425 0.3248614421875 0.1861832953125
0 0.21206344062500002 0.4094460796875 0.172074890625 0.42637863906250006 0.0864997515625 0.44352965 0.0787694390625 0.4517674875 0.077668553125 0.516643871875 0.088433990625 0.6058961 0.093726425 0.6382780140625 0.10942664531249999 0.66857399375 0.1190426453125 0.673335275 0.15245730468750002 0.6644087843750001 0.17704774843749999 0.6438737953125 0.207965503125 0.6532838046875 0.32397221875 0.63672220625 0.3550775265625 0.5858978984375 0.3580606109375 0.57638199375 0.35600482499999997 0.41181039531249997 0.351320115625 0.390454221875 0.23476470312500003 0.4182733328125 0.21206344062500002 0.4094460796875
10 0.3540877109375 0.78006350625 0.381779290625 0.794579121875 0.46960475468749996 0.7970426734375 0.47593555624999995 0.7846263109375 0.46364906250000004 0.6889904062500001 0.4763176484375 0.579434959375 0.486301775 0.5484503265625 0.4844160859375 0.53545120625 0.3690170953125 0.5630385484375 0.327563025 0.6382320421875 0.2760102671875 0.65748230625 0.12044215625000002 0.677513803125 0.10966973437500001 0.672984290625 0.1006024296875 0.656965496875 0.0903196796875 0.61889521875 0.07400824375000001 0.6199348578125 0.068590775 0.6277091546875 0.061405668749999996 0.667050840625 0.0675384390625 0.84195286875 0.072893390625 0.8542566765625 0.09176075781250001 0.8571637953125 0.10393618125 0.823510475 0.1279779296875 0.8142329984375 0.23680302968750003 0.794651725 0.27441621875 0.7982608140624999 0.3540877109375 0.78006350625
1 0.25475008125 0.8869236296875 0.26430705625 0.86940165625 0.2809241 0.8526942109375 0.3086781984375 0.8471317203125001 0.35043089374999997 0.8409931328125 0.3908431015625 0.8529592734375001 0.45365446093750006 0.847059115625 0.4610791640625 0.8544890859375001 0.481707184375 0.9105515343749999 0.5238245109374999 0.9110283921875 0.57269979375 0.8856262265625 0.5840834296875 0.8588201203124999 0.60264868125 0.8350336875 0.61768564375 0.7896593125 0.66911685625 0.7682039031250001 0.8099571062500001 0.7355176125 0.820729528125 0.7400471234375 0.8397149484374999 0.78752075 0.853407934375 0.8026124609374999 0.909037678125 0.7936926296875 0.9308291015625001 0.7648005890625 0.9416675343750001 0.7068906359375 0.9616948125 0.667204625 0.9475261234374999 0.5162082421874999 0.91625071875 0.41546007031250004 0.8970812359375 0.385859403125 0.8512550484375 0.3393062015625 0.8382323015625 0.3151621234375 0.822591109375 0.3071493984375 0.8089606406250001 0.27197958125 0.7824254796875 0.257232196875 0.726924265625 0.183634459375 0.6705687453125 0.13696204218750002 0.6332611625 0.11768514687500001 0.550974715625 0.10965244375000001 0.4206047703125 0.12017469375 0.326934684375 0.138948096875 0.1983879125 0.18254757187499998 0.1493910859375 0.2057445921875 0.1248006421875 0.226279578125 0.12351918437500001 0.2666675609375 0.0591693109375 0.4779908375 0.06476037031250001 0.5794276625 0.058908764062499994 0.6853873375 0.06431925 0.7623357578125 0.06236755000000001 0.8117761046874999 0.0680246171875 0.8507734609375 0.1259637109375 0.8837514484375 0.1446435234375 0.9468928828125 0.15845805468750002 0.9641897421875001 0.17756851093749998 0.9715071578125001 0.2305207796875 0.956435421875 0.24226904999999999 0.9362447609375 0.25475008125 0.8869236296875
8 0.26099186875 0.5846514953125 0.25434891406250004 0.48121187499999996 0.16805092500000002 0.5041706234375 0.1724191640625 0.6068171359375001 0.26099186875 0.5846514953125