6 0.4445912984375 0.49600427187499996 0.43242342031250003 0.5110303515625 0.42710360312500006 0.5351560875 0.462574721875 0.554994521875 0.476171703125 0.553565421875 0.5937438890625 0.5137137203125001 0.6172688828124999 0.438577459375 0.6063318125 0.427943690625 0.5886458234374999 0.42783868125 0.4445912984375 0.49600427187499996
6 0.171625065625 0.552188546875 0.18644698906249998 0.562414 0.19789738437499999 0.55924663125 0.20965695 0.5403357015625 0.20108235 0.45875382656249997 0.1894277953125 0.4599787703125 0.1701026859375 0.481648753125 0.163657071875 0.51374835 0.171625065625 0.552188546875
12 0.7384343453125 0.3021178046875 0.7251465359375 0.28780334375 0.6734185265625 0.281456875 0.66778954375 0.32132617343750003 0.676679178125 0.3498500859375 0.7244231875 0.336976453125 0.7389418062499999 0.32563106875000003 0.7384343453125 0.3021178046875
5 0.4221457421875 0.20770865781249997 0.3907577640625 0.22671873437499998 0.336667284375 0.2913203734375 0.2887073875 0.37688038125 0.5884533984375 0.3512674546875 0.6237262265625 0.3318490640625 0.634260846875 0.3012835796875 0.6412315171875 0.1807540484375 0.48890569375000004 0.18890860468749998 0.4221457421875 0.20770865781249997
12 0.3104882484375 0.3412051015625 0.31253568593750003 0.32331495781249997 0.29699628125 0.324948215625 0.2694931546875 0.34354997656249997 0.2680581890625 0.3672673984375 0.2749062515625 0.3763670546875 0.288299071875 0.3729955296875 0.3104882484375 0.3412051015625
7 0.5649284015625 0.4264037140625 0.6045994078125 0.392775875 0.617893084375 0.3697759359375 0.6055269140624999 0.3455451890625 0.296681246875 0.37800617812500004 0.282471796875 0.373608 0.21284191406250003 0.439842896875 0.1972966453125 0.4787905546875 0.2028147515625 0.49392164375 0.292061315625 0.502216403125 0.50818388125 0.46575382187500003 0.557257846875 0.4468487578125 0.5649284015625 0.4264037140625
4 0.334683803125 0.5527253328125 0.371794046875 0.5507887734375 0.428841871875 0.533009503125 0.43784238125 0.5065330296874999 0.5027649203125 0.4702511453125 0.47710507187499995 0.46902033593750003 0.34644923437499997 0.49650000156249996 0.20301890781249998 0.4958640703125 0.20434299843749998 0.5271470375 0.2176308078125 0.5414614984375 0.26956297500000004 0.5497503906250001 0.293175384375 0.5688713437499999 0.3125996390625 0.5668297718749999 0.334683803125 0.5527253328125
14 0.6143520296875 0.784527503125 0.6276398421875 0.7988419671875 0.662090175 0.8089682734375 0.6888758203124999 0.8022252234374999 0.70758845625 0.7747279609375 0.7129082734375001 0.750602225 0.7128208593750001 0.6563450125 0.695356625 0.5462392265625 0.6837079359375 0.5101497671875 0.6669435874999999 0.5001284734375 0.654571553125 0.513212125 0.6375913171875001 0.5758772046875 0.6326739484375 0.641202190625 0.6379761703125 0.72901965625 0.6143520296875 0.784527503125
14 0.8318573359375 0.4062038890625 0.8221452078124999 0.40722467343749996 0.814264628125 0.4630416890625 0.81844691875 0.5215186140625 0.80003758125 0.570586715625 0.8037124125 0.605550375 0.8200684453125 0.6116868203125 0.84664993125 0.6030013421875 0.8541163296875001 0.580613875 0.8369671296875 0.41745012656249997 0.8318573359375 0.4062038890625
15 0.7743255125 0.251212290625 0.7330329796874999 0.19467192656250001 0.6973577015625 0.172891065625 0.667608846875 0.170126146875 0.6523727453125 0.1933302421875 0.6475545234375 0.2782836421875 0.65153265625 0.33481814062500004 0.6632863546875 0.35322161093750004 0.7281038828125 0.3346257140625 0.7487589453125 0.3069242953125 0.78771246875 0.285155165625 0.7743255125 0.251212290625
2 0.6583572578125 0.49317539843749997 0.674713290625 0.49931184375 0.6896343593750001 0.529165709375 0.7009680140625 0.6183131281249999 0.7126167015625 0.6544025859375 0.79768684375 0.56690601875 0.8165044921875 0.521722771875 0.8262400828124999 0.371444384375 0.8029427046875 0.2992654703125 0.7859741984374999 0.2873017484375 0.7528479546875 0.30845840625 0.7202291671875 0.35312832968749996 0.6796423890625001 0.35935805625 0.65878316875 0.3851170484375 0.6583572578125 0.49317539843749997
3 0.6037111046875 0.4862429671875 0.5963189453125 0.50933676875 0.5803786390625 0.5190462328125001 0.47051994375 0.5609437703125 0.429818125 0.5304074078125 0.33915301875 0.5595755296875 0.3098310390625 0.5608720453125 0.29361233750000004 0.5679327437499999 0.274654740625 0.557427828125 0.24194160937500003 0.551939375 0.2164323734375 0.538552365625 0.192079121875 0.561643503125 0.16331926562500002 0.5343153609375 0.1586659984375 0.57497478125 0.1628419390625 0.6147062125 0.17617054999999998 0.665080428125 0.18690079843750002 0.690732859375 0.1809456875 0.73599248125 0.1835440515625 0.7607142609374999 0.228522609375 0.7809817031249999 0.300548246875 0.7868016156250001 0.39190533906249997 0.7896970390625 0.48056860781250005 0.7839488515624999 0.528617521875 0.7824694015625 0.5913526250000001 0.767841609375 0.6309488578125 0.7368996515624999 0.6434980125 0.7204052187500001 0.632261371875 0.6644550859375 0.6345946671875 0.6017226484375 0.6305592578125 0.5548350531249999 0.6544485140625 0.5273293109375 0.6275923625 0.5096204984375 0.6037111046875 0.4862429671875
1 0.68151443125 0.8069267015625 0.707996771875 0.7786128125 0.72241624375 0.7476390140625 0.7195580453125 0.72044505625 0.7289668687499999 0.69785343125 0.7250878828125 0.6609473453125 0.7351091796875 0.6441829984375 0.79216286875 0.5890893296875 0.795738553125 0.604424578125 0.8202726015625 0.6136292437499999 0.8377544312499999 0.6117918296875 0.8520688953125 0.5985040203125 0.8631168421875 0.5541374 0.8467725390625 0.47337215468749994 0.8374863203125 0.366334590625 0.8032518734374999 0.28352190781250003 0.7815818890624999 0.2641967984375 0.7371219875 0.1962060375 0.7113629953125 0.175346815625 0.6434831109375 0.1648063296875 0.5483042578124999 0.17481003125 0.4770469828125 0.188191121875 0.3942343015625 0.22242556875 0.316216378125 0.3209642171875 0.2844200875 0.33608944375 0.272456365625 0.35305794687500003 0.27296382656249996 0.3765712109375 0.17572580468750001 0.4790938578125 0.1579230765625 0.571303634375 0.176816409375 0.6950063984375 0.17711385 0.7538916390625 0.19510313906250001 0.7755674875 0.255417478125 0.7888670296875 0.4173504171875 0.7973776734375 0.53645085 0.790751365625 0.6170119374999999 0.7724646359375 0.6126137625 0.7866740875 0.6231425171875 0.7934230046875 0.6539121578125 0.8059000515625 0.68151443125 0.8069267015625