14 0.784357025 0.67999845625 0.866133596875 0.687546765625 0.8906707578124999 0.6673274046875 0.9063527984374999 0.6399465796875 0.8987627109374999 0.581682596875 0.882411584375 0.5576890828125001 0.8555744046875 0.53813880625 0.7980945296875 0.5261158984375001 0.780718834375 0.5374801406249999 0.753735271875 0.57510655625 0.7460928828125 0.6154511968749999 0.7502956609375 0.6416820140625 0.7680372578125 0.6698155859375 0.784357025 0.67999845625
14 0.183693365625 0.6034699625 0.2359145328125 0.6108091671875 0.2720877578125 0.6060313875000001 0.29907131875 0.5684049703125 0.3003363515625 0.5173024515625 0.29311216562500003 0.4985362828125 0.2656999828125 0.4690436 0.2137506375 0.459770275 0.18283611875 0.46923175937500006 0.1539184390625 0.506586353125 0.1451574 0.5408568203125 0.1501756453125 0.5612852828125 0.1659831265625 0.5891470328125 0.183693365625 0.6034699625
15 0.5389751109375001 0.3910830640625 0.5434183499999999 0.40156911875 0.6849120984375 0.4332886859375 0.7299404421875 0.43567236718749996 0.7348646046875 0.41466889843750004 0.7293027140625 0.39810867031249997 0.676443821875 0.3532057671875 0.6457384078125 0.3331118484375 0.5542598890625 0.31039378281249996 0.5389751109375001 0.3910830640625
15 0.38034613125 0.354982978125 0.40911742812499996 0.37480507812499997 0.50694194375 0.394470375 0.5143752312500001 0.3836811390625 0.5219548984375 0.315715209375 0.5001046031249999 0.30278275312499997 0.39430315625 0.297774928125 0.38055523281250003 0.325427575 0.38034613125 0.354982978125
6 0.9667809406250001 0.49065364218749996 0.927523590625 0.475274784375 0.92562083125 0.48881360625000003 0.9452965484375 0.517219 0.979567015625 0.5259800390625 0.9667809406250001 0.49065364218749996
13 0.0519120875 0.34827097500000004 0.0333863828125 0.3397503984375 0.0168261546875 0.3453122875 0.005681434375000001 0.4246110984375 0.010940140625 0.4292947984375 0.0333027203125 0.4245483765625 0.049193862500000005 0.3676121484375 0.0519120875 0.34827097500000004
2 0.73214638125 0.43401007187499996 0.715857975 0.43763784375 0.664724096875 0.42256216875 0.5296077078125 0.40160047812500005 0.520783946875 0.4082496578125 0.5131102000000001 0.43478365625000004 0.5019341171875 0.500271821875 0.50949284375 0.5447251609375 0.6962867578124999 0.5768942906250001 0.708706928125 0.572722875 0.7243262500000001 0.5177207625 0.73214638125 0.43401007187499996
2 0.4522743734375 0.40453822500000003 0.35088480624999996 0.39620580781250003 0.3448419921875 0.4111351015625 0.34841746093750003 0.52603213125 0.48713026406250004 0.54947158125 0.49955043593750004 0.5453001656249999 0.51477249375 0.4369895953125 0.5147097734375 0.409368309375 0.50446418125 0.3980667875 0.4522743734375 0.40453822500000003
12 0.7296058984375 0.409985196875 0.7174261890625 0.398411853125 0.7000191328125001 0.3959654515625 0.687055315625 0.404005103125 0.6804688578125 0.42280263125 0.7241380875 0.43485690000000005 0.73102773125 0.4279358984375 0.7296058984375 0.409985196875
3 0.9395350375 0.6117978140625 0.9631483765625 0.6160129624999999 0.9753185859375 0.6123443203125001 0.978559540625 0.6020417015625 0.9820190999999999 0.5774256624999999 0.98621999375 0.5475347578124999 0.976644453125 0.5327413703125 0.9535110828125 0.5187320828125 0.9272745640625001 0.5204238328125 0.906959203125 0.531016328125 0.9156555984375 0.5456861609375 0.9241048812500001 0.5621142765625 0.9281727 0.5842021859375001 0.9243424750000001 0.61145565625 0.9395350375 0.6117978140625
9 0.7580607046875001 0.42312865000000005 0.7403400125 0.41525911562499995 0.7410241734375 0.4270889875 0.7427303328125 0.41738807031249997 0.7411241078125 0.42881694687499994 0.741385475 0.433336221875 0.7398267734374999 0.4380479609375 0.736676103125 0.4604661390625 0.7323944203125 0.5100688828125 0.7231800265625 0.543737728125 0.7104348046875 0.5706347890625 0.7089521375000001 0.5811845203125 0.74222180625 0.580481215625 0.755447 0.5437900109375 0.7900330171875 0.5145834234375 0.8106097484375001 0.5085102046875 0.8443878953124999 0.5105678890625 0.8701444453124999 0.5186702796875 0.9033190703124999 0.5314012484374999 0.92513135625 0.5165365875 0.937933596875 0.514749790625 0.91929099375 0.48792400625 0.9127378078125 0.47714141718749997 0.8932445703124999 0.46274720625 0.8527896796875 0.45078607968749995 0.8249041781249999 0.4450740125 0.787595196875 0.4362445390625 0.7580607046875001 0.42312865000000005
1 0.77909831875 0.675314753125 0.840446428125 0.6878813078125 0.8799128812499999 0.6737047625 0.9091023828125 0.6344160515625 0.9367236703125 0.6343533296875 0.987219821875 0.6118653078125 0.9926876328124999 0.5869936046875 0.9862161953124999 0.5348037984375 0.9759392437500001 0.5096916328125001 0.9449306468750001 0.4777211875 0.7672009546874999 0.423158115625 0.680855703125 0.349881178125 0.634949171875 0.32567856093750003 0.543742475 0.301026378125 0.4276954359375 0.28471703125 0.3307491078125 0.28687066875 0.3215071421875 0.35263065781249997 0.29666680156249997 0.36097349218749997 0.0877821296875 0.33161666562500003 0.030333615624999997 0.3334044 0.0165543328125 0.3472464046875 0.0016354578125 0.4674335015625 0.020736167187499998 0.4858964859375 0.1213416265625 0.5138418984374999 0.1310749359375 0.5428222984375 0.14573240625 0.5507992296875 0.1729041296875 0.596036675 0.19668854062500002 0.6092409546875001 0.25359340937499997 0.611321453125 0.30103679687499996 0.5824874359375001 0.352682959375 0.5798842343749999 0.6521679609375 0.6101401890625 0.7217961859375001 0.6199257968749999 0.77909831875 0.675314753125