6 0.505859375 0.642578125 0.517578125 0.640625 0.509765625 0.5703125 0.46875 0.53515625 0.458984375 0.51171875 0.26171875 0.4453125 0.275390625 0.501953125 0.306640625 0.546875 0.505859375 0.642578125
6 0.869140625 0.50390625 0.865234375 0.44140625 0.85546875 0.412109375 0.84765625 0.408203125 0.841796875 0.439453125 0.8125 0.494140625 0.798828125 0.5390625 0.7890625 0.580078125 0.794921875 0.599609375 0.81640625 0.587890625 0.853515625 0.541015625 0.869140625 0.50390625
14 0.248046875 0.875 0.234375 0.8359375 0.2421875 0.740234375 0.220703125 0.55078125 0.201171875 0.4921875 0.1875 0.484375 0.173828125 0.51953125 0.17578125 0.70703125 0.18359375 0.787109375 0.201171875 0.861328125 0.21484375 0.876953125 0.240234375 0.8828125 0.248046875 0.875
14 0.05078125 0.36328125 0.0546875 0.56640625 0.06640625 0.609375 0.091796875 0.619140625 0.099609375 0.603515625 0.087890625 0.560546875 0.091796875 0.478515625 0.076171875 0.380859375 0.0625 0.34375 0.05078125 0.36328125
5 0.22283380625000002 0.26544744374999996 0.234375 0.29829545468749996 0.2743252828125 0.31516335156249997 0.341796875 0.3213778421875 0.40838068125 0.3125 0.5184659078125 0.3133877828125 0.6170099437500001 0.31072443125000004 0.6596235796875 0.30007102343750003 0.68359375 0.27787642031250004 0.6338778421875 0.2015269875 0.5886008515625 0.1278409078125 0.5255681812499999 0.1171875 0.44034090781249996 0.10830965781249999 0.3355823875 0.1127485796875 0.25390625 0.1136363625 0.2290482953125 0.1242897734375 0.224609375 0.19353693125 0.22283380625000002 0.26544744374999996
12 0.126953125 0.318359375 0.193359375 0.318359375 0.197265625 0.306640625 0.1875 0.259765625 0.171875 0.248046875 0.1484375 0.244140625 0.09765625 0.26171875 0.10546875 0.302734375 0.126953125 0.318359375
15 0.201171875 0.16796875 0.20703125 0.142578125 0.19140625 0.1171875 0.171875 0.11328125 0.138671875 0.142578125 0.11328125 0.201171875 0.11328125 0.22265625 0.126953125 0.244140625 0.16015625 0.2421875 0.1875 0.25390625 0.20703125 0.2109375 0.201171875 0.16796875
2 0.107421875 0.23046875 0.099609375 0.2265625 0.076171875 0.2578125 0.072265625 0.322265625 0.087890625 0.580078125 0.150390625 0.6796875 0.169921875 0.73046875 0.181640625 0.736328125 0.17578125 0.556640625 0.1796875 0.505859375 0.19140625 0.482421875 0.19140625 0.408203125 0.203125 0.359375 0.201171875 0.302734375 0.1875 0.296875 0.17578125 0.3046875 0.162109375 0.294921875 0.15625 0.267578125 0.140625 0.275390625 0.115234375 0.271484375 0.107421875 0.23046875
7 0.3870738625 0.48295454531250004 0.44211647656249997 0.48117897656249997 0.6232244312499999 0.46608664843750003 0.810546875 0.45010653281249996 0.8504971578125 0.41637073750000003 0.7750355109375 0.3311434671875 0.7049005687500001 0.28497869374999996 0.6756036937500001 0.29474431874999996 0.6205610796875 0.30717329531250004 0.5237926140625 0.31516335156249997 0.3719815328125 0.31427556874999996 0.31782670468749996 0.32404119374999996 0.2379261375 0.31072443125000004 0.2370383515625 0.34357244374999996 0.2219460234375 0.3746448875 0.26544744374999996 0.44122869375 0.3870738625 0.48295454531250004
4 0.5202414765625 0.6312144890625 0.5672940328125 0.6383167609375 0.6418678984375 0.6471946015625 0.6986860796875 0.6383167609375 0.7528409078125 0.6276633515625 0.7705965921875 0.6116832390625 0.7821377828125 0.5726207390625 0.7954545453125 0.5291193187500001 0.8078835234374999 0.48295454531250004 0.7572798296875 0.49893465781249996 0.712890625 0.5024857953125 0.6463068187500001 0.5122514203125 0.5886008515625 0.5113636359375 0.5415482953125 0.5122514203125 0.46697443125 0.5042613640625 0.5007102265625 0.5504261359375 0.5193536937500001 0.5841619312499999 0.5202414765625 0.6312144890625
1 0.923828125 0.787109375 0.93359375 0.767578125 0.908203125 0.685546875 0.912109375 0.56640625 0.888671875 0.486328125 0.853515625 0.40625 0.783203125 0.33203125 0.6875 0.2734375 0.607421875 0.15625 0.544921875 0.1015625 0.43359375 0.078125 0.3203125 0.07421875 0.193359375 0.0859375 0.15234375 0.11328125 0.07421875 0.25390625 0.056640625 0.337890625 0.0546875 0.51953125 0.064453125 0.59765625 0.07421875 0.61328125 0.1015625 0.6171875 0.138671875 0.669921875 0.177734375 0.755859375 0.1875 0.830078125 0.201171875 0.86328125 0.23046875 0.884765625 0.267578125 0.892578125 0.544921875 0.900390625 0.583984375 0.8828125 0.703125 0.865234375 0.837890625 0.83203125 0.923828125 0.787109375