14 0.826062184375 0.583317553125 0.90616888125 0.5652260703125 0.92325698125 0.538413915625 0.9297103484375 0.5075271859375 0.9044871859375 0.4544603125 0.8815219359375 0.43669389843750006 0.8499568953125 0.4263936265625 0.7915750015625 0.4327214203125 0.7785614765625 0.4488988390625 0.7645257859375 0.49302206875000004 0.7697246203125 0.5337537296875 0.78182746875 0.5574019890625 0.8073944828125 0.57867615 0.826062184375 0.583317553125
14 0.231148490625 0.6961499078125 0.2830817109375 0.6869926796875 0.3160080765625 0.671270596875 0.3300437671875 0.62714736875 0.3154553375 0.5781550703125 0.3027856640625 0.5625397796875 0.2676013859375 0.5429614 0.215329009375 0.550195175 0.188851315625 0.56874669375 0.172892171875 0.6132090781249999 0.1751500859375 0.6485095390625 0.1862354625 0.6663874390625 0.209879025 0.6880007578125 0.231148490625 0.6961499078125
15 0.50341035 0.3843698671875 0.5108764906250001 0.3929696609375 0.6552469249999999 0.3794127890625 0.6988080234375 0.36776528124999996 0.6970007515625001 0.346268146875 0.6865936890625 0.33223715 0.622446134375 0.3058662484375 0.5870341875 0.2962442890625 0.49301267812500005 0.30290654375 0.50341035 0.3843698671875
15 0.3413896828125 0.399055696875 0.374878178125 0.4090168125 0.4739917328125 0.39749018281250004 0.477727153125 0.38493199843750003 0.46393321875 0.3179503125 0.4391560046875 0.312402928125 0.33698534375 0.3403346484375 0.3324554296875 0.3708822203125 0.3413896828125 0.399055696875
6 0.9410468734374999 0.3468678421875 0.898958584375 0.34437286718750004 0.9013326812500001 0.3578370375 0.9288231484375 0.37877204062500003 0.9641236093750001 0.3765141296875 0.9410468734374999 0.3468678421875
13 0 0.5437443328125 0.0065786546875 0.58105373125 0.013027323437499998 0.583883165625 0.032828678124999996 0.5724586328125 0.030347790625 0.513398428125 0.026956225 0.49416390000000004 0.006704228125 0.49178510937500003 0 0.49675776562499996 0 0.5437443328125
2 0.70039231875 0.36550267187499996 0.68602216875 0.3739862828125 0.6327323203125 0.3754497015625 0.497751478125 0.397267209375 0.49141429375 0.406317646875 0.4923155796875 0.433924296875 0.5019234531250001 0.49966084374999997 0.522849065625 0.5396027046875 0.71044144375 0.5124748734375 0.7209646875 0.5046695765625 0.7188229578125 0.447532821875 0.70039231875 0.36550267187499996
2 0.425110921875 0.4239584859375 0.326108853125 0.44736498593749996 0.3249752015625 0.46343092031250005 0.3638808109375 0.5715996078125001 0.5030477125 0.5510272390625001 0.513570959375 0.543221940625 0.49457818906249995 0.43550859375 0.4859830921875 0.40925856875 0.47274659375 0.401676246875 0.425110921875 0.4239584859375
12 0.69055208125 0.3434387109375 0.67539213125 0.3361955421875 0.65808105625 0.339247953125 0.6482361234375 0.35090015625 0.6477807859375 0.37081299687499997 0.6930376640625 0.3687827515625 0.697451396875 0.3600714703125 0.69055208125 0.3434387109375
3 0.9525700859375 0.47050224375000005 0.9763302578124999 0.4672141640625 0.9867711421875001 0.459964278125 0.9866697906249999 0.4491643953125 0.9823532515625001 0.42468408750000003 0.977111740625 0.39495800000000003 0.963433453125 0.38384765781249996 0.9371032015624999 0.3776726359375 0.9126735703125 0.3873891171875 0.8966257734375 0.4037409703125 0.9094297640625 0.4150054765625 0.922542078125 0.428018575 0.9332363421875 0.44776839687500003 0.9380153671875 0.4748715921875 0.9525700859375 0.47050224375000005
9 0.7216757625 0.347145859375 0.7023905609375001 0.3451374828125 0.70669686875 0.356176940625 0.7053217734375 0.3464235890625 0.70732588125 0.3577894453125 0.7089709890625 0.362006765625 0.7089445828125001 0.3669695609375 0.7128757140624999 0.389264125 0.7241316828125 0.43776225156250004 0.725772521875 0.47263063125000004 0.7219627421875 0.5021497453125 0.7238126874999999 0.5126413046875 0.7552366921875 0.5016915296875 0.7564763906249999 0.4627093125 0.7803443171875 0.42424452968750004 0.798037221875 0.41210999531250003 0.830798009375 0.40362894687499995 0.85779771875 0.40337556875 0.8932827484375 0.40523191562500005 0.9094340328125 0.384354415625 0.9210575375 0.3786989609375 0.8950377453125 0.35894700468749996 0.88547329375 0.35071719843750004 0.8624860671875 0.3430512328125 0.8203149859375 0.344176775 0.7920291703125 0.3473613671875 0.753817765625 0.35049315000000003 0.7216757625 0.347145859375
1 0 0.5403199359374999 0.01596355 0.6230305328125 0.039834782812500004 0.6346874312499999 0.14415186875 0.6301763015625 0.16236423125 0.6547305406249999 0.178769321875 0.657787646875 0.21859030468750001 0.6924144875 0.24529097187499999 0.6976227171875 0.300053628125 0.68201681875 0.3362647671875 0.6399332249999999 0.3845787546875 0.6214978906249999 0.678755521875 0.557727059375 0.7479998171875 0.5455174203125 0.8196135109375 0.5804881171875 0.8818423109375001 0.5734820093749999 0.91499634375 0.547803509375 0.9306163296875001 0.501417671875 0.9568663562499999 0.49282257500000004 0.9979418687500001 0.455831025 0.9954562843750001 0.430486984375 0.9731740453125 0.38285131250000004 0.9556399984375 0.36214397656249997 0.9162696578125 0.341320459375 0.7303777625000001 0.3443493890625 0.6256147265625 0.30134103125 0.5744760015625 0.292508871875 0.4801153359375 0.297247671875 0.36470817499999997 0.31759706875 0.27317225 0.3496033640625 0.28470357343749997 0.4150007515625 0.2636570828125 0.43061134687499997 0.055924196875 0.467240259375 0.001839853125 0.4866930640625 0 0.4903243421875 0 0.5403199359374999