1 0.17480550781249998 0.900380571875 0.1838339234375 0.9233770781249999 0.20179683437499998 0.9302589031249999 0.20763988437499997 0.9671129828125 0.21790322031249998 0.9763541312499999 0.28391180625 0.9670273515625001 0.3060905625 0.9423953484375 0.323550671875 0.9023641953125001 0.34049139375 0.8897415375 0.49437237500000003 0.8777653671874999 0.5904554359375 0.8825088921875001 0.6798611078125 0.9091162265625 0.7166046749999999 0.9384834625 0.7383662640625 0.9432104015625 0.7830221359375 0.9369584765625 0.79750131875 0.914685796875 0.8055158421874999 0.8810170812499999 0.8160250828125 0.70835544375 0.806817109375 0.5699758328125 0.776971953125 0.44832421250000004 0.71683959375 0.34586212656250004 0.71602184375 0.330258540625 0.7505166015625 0.3167159140625 0.7537102625000001 0.265697603125 0.7352362578125 0.24906353593750002 0.69602285625 0.24720701250000002 0.6818503296875 0.2753310390625 0.6206957828124999 0.15336446875 0.5638344203125001 0.113316728125 0.5371414546875 0.1264504796875 0.3908578328125 0.1341168796875 0.3337837359375 0.127328978125 0.30370096874999997 0.150419409375 0.285525328125 0.1767974234375 0.2449499078125 0.29822801875 0.2315012078125 0.3028444453125 0.22472989375000002 0.28559706875 0.201222296875 0.2848732421875 0.1755515171875 0.3175114765625 0.1805768203125 0.3387619703125 0.21680929531249998 0.3583769671875 0.1915473921875 0.39881699375 0.17665104375000001 0.45044861875000003 0.1500520046875 0.5026935546875 0.13730224687499998 0.59528459375 0.14066716875000002 0.6968101234375 0.17480550781249998 0.900380571875
6 0.7760353984374999 0.5050916515625 0.7702945671875 0.47018801874999994 0.7599290125 0.45899642187499995 0.6314038609375 0.4696437515625 0.6239087249999999 0.4759039703125 0.6402195468749999 0.5259000953124999 0.6697746343750001 0.5673788984375 0.705700453125 0.5811425484375 0.7685319671874999 0.5485126078125 0.777364240625 0.5304474781249999 0.7760353984374999 0.5050916515625
6 0.23133263906249998 0.598179890625 0.25083712343750003 0.5971577031249999 0.283074775 0.5778659515625 0.302689771875 0.5416334765624999 0.31378744375 0.4921567390625 0.2958245328125 0.4852749125 0.1880387828125 0.48114469687500006 0.1726396328125 0.48586334375 0.164522890625 0.517581609375 0.1624619296875 0.5528941171875 0.1735430140625 0.5777388515624999 0.1958156953125 0.5922180328125 0.23133263906249998 0.598179890625
14 0.7753225625 0.9393178000000001 0.794009296875 0.9226920265624999 0.8079856781249999 0.85350636875 0.8087177953125 0.7928380328125 0.8021509203124999 0.7794915515625 0.7275144984375 0.8107843562499999 0.6979511171875 0.806466290625 0.6876794890625 0.8343858781250001 0.6891105484375 0.8616921546875 0.699774465625 0.9158958343749999 0.7145520078125001 0.936635234375 0.7753225625 0.9393178000000001
14 0.2760077953125 0.9654857796874999 0.284328975 0.9376684078125 0.2705902046875 0.8621120171875001 0.25406665 0.8453757328125 0.172258334375 0.8144586296874999 0.164967634375 0.8246197437499999 0.172650621875 0.8965818953125 0.1817812578125 0.921528846875 0.20405393749999998 0.9360080296875 0.20969255312500001 0.9689612125 0.22365234531249997 0.974097028125 0.2760077953125 0.9654857796874999
12 0.6847290390625 0.2556221171875 0.684303578125 0.322141796875 0.7010315703125001 0.3427789796875 0.7507210390625 0.3206168109375 0.75975775 0.3064525796875 0.755251834375 0.257793590625 0.7290782578125 0.2435188484375 0.6939701875 0.24535878281249998 0.6847290390625 0.2556221171875
12 0.23545484375 0.317216884375 0.23228781875 0.2907127890625 0.22850923281250002 0.2864658046875 0.2091441390625 0.29014769375 0.19677866093750002 0.2916847421875 0.180162421875 0.31389162187499997 0.178710759375 0.3370817609375 0.197139053125 0.3494510140625 0.213561896875 0.3574803515625 0.2345142734375 0.3501592671875 0.23545484375 0.317216884375
7 0.682048734375 0.30625792500000004 0.6807402296875 0.31521652499999997 0.5715103578125 0.30049396562499997 0.3684399546875 0.3102474296875 0.23223381562499998 0.323608709375 0.18597407187499998 0.407821303125 0.1755562671875 0.4634854296875 0.18320259375 0.4906437765625 0.25865375 0.4884675546875 0.3136673921875 0.4864734140625 0.46429092499999997 0.4768015640625 0.6294712437500001 0.47347884531249995 0.740899959375 0.4623051 0.75551074375 0.43575831093749995 0.715541134375 0.35161979374999996 0.6833070078125 0.31330399999999997 0.682048734375 0.30625792500000004
4 0.5468346234375 0.47425363593750003 0.4456730125 0.47777728750000004 0.312173034375 0.491885746875 0.27366008124999996 0.571247334375 0.421759534375 0.5812658203125001 0.5123287999999999 0.5791862953125 0.6575437734375 0.55112884375 0.6295177062499999 0.47436541249999997 0.5468346234375 0.47425363593750003
5 0.5487848453125 0.307907975 0.674956196875 0.3066296296875 0.648563875 0.2271135703125 0.598234234375 0.14885201406249998 0.4309053078125 0.1620663609375 0.30235303281250003 0.16880350156249999 0.280363390625 0.22418507812500002 0.2452070859375 0.31670579062500004 0.28356179843749996 0.31914071875 0.36955883749999996 0.3146338046875 0.5487848453125 0.307907975
8 0.5560170656250001 0.728887675 0.5527626734375 0.6141794046875 0.3995767984375 0.624186196875 0.4054990421875 0.7321418343749999 0.5560170656250001 0.728887675