1 0.19680540156249998 0.887998484375 0.24329373125 0.8951650531249999 0.2672191109375 0.8890065015624999 0.28648461406250003 0.8374905296874999 0.33016615312500003 0.8287976734375 0.46781901406250004 0.848212771875 0.6416324312499999 0.85449330625 0.68159444375 0.8709929828125 0.7004378640625 0.9095106359375 0.71339521875 0.9202061734375 0.8442083125 0.9254377281249999 0.878556746875 0.9102185546875001 0.899320921875 0.8372705421875001 0.8693732328125 0.8175553484375 0.8266997109374999 0.75583449375 0.8436624343749999 0.65325224375 0.8450791796875 0.5769934343750001 0.836931296875 0.5255184265625 0.8138776921875 0.4632116359375 0.8059613328124999 0.3804265078125 0.8281698671875001 0.34282159375 0.8278564156250001 0.31930494375 0.8098714171875001 0.29651047343750003 0.7505619765625 0.2766999984375 0.7171806000000001 0.1940920765625 0.6830227265625 0.15058774375 0.6678445171875 0.14365269687499999 0.62053873125 0.1481763328125 0.39090387656250003 0.128202909375 0.3300414453125 0.18659961249999998 0.2823135765625 0.2811568703125 0.2746563515625 0.27866353125 0.27212204687499997 0.2589073734375 0.262925184375 0.2504326875 0.2314788203125 0.25214953281249997 0.215210665625 0.2608014234375 0.20110904999999998 0.3224679625 0.2637292890625 0.3229310078125 0.2626393453125 0.3385179453125 0.2258385375 0.38880772812500003 0.1849094734375 0.470135146875 0.1641452953125 0.5430831578124999 0.157374103125 0.6679149078125 0.168860396875 0.8116443953125 0.175468640625 0.85713805625 0.19680540156249998 0.887998484375
5 0.3607177953125 0.31298200625 0.5155776984375 0.32559076875000004 0.690683040625 0.3413951359375 0.7382216453125 0.3233605125 0.733632440625 0.2999008515625 0.7076146718749999 0.2010767484375 0.6609863765624999 0.193366421875 0.567544 0.18060262968750002 0.4631645203125 0.17152380312499999 0.368588809375 0.1622405671875 0.33855215625 0.2099775109375 0.304310421875 0.279669203125 0.3053571421875 0.30288114843749997 0.32193623437499996 0.30760027968750003 0.3607177953125 0.31298200625
7 0.29406750000000004 0.4516036328125 0.42540581718750003 0.46968722031250004 0.5744565625 0.48900938437499997 0.672741928125 0.48342283750000004 0.77240834375 0.47081324999999996 0.803244 0.4498307375 0.7888571 0.38830797499999997 0.7610620171875 0.3276275234375 0.7401167453124999 0.3217131265625 0.7062526546875 0.3478235828125 0.5393656203125 0.3290340875 0.3720450875 0.3164439453125 0.2994241265625 0.31136579375 0.2830494390625 0.316450425 0.2521890953125 0.36323981875 0.23613659999999997 0.4146244859375 0.29406750000000004 0.4516036328125
12 0.2742551515625 0.3149455203125 0.26913327656249997 0.273649571875 0.267962703125 0.25220886875000004 0.23651382812500002 0.24378008593749997 0.21568634531250003 0.2743619578125 0.2109239046875 0.3042873015625 0.2363159046875 0.32297197031249997 0.26706494375 0.3286819609375 0.2742551515625 0.3149455203125
12 0.772878671875 0.3622719984375 0.803175590625 0.36172071093749997 0.82770665625 0.35453656875 0.8271739859375 0.33670028125 0.831317140625 0.315631153125 0.8171285765625 0.30217966406249996 0.7826326484374999 0.28641819375 0.7772136796875 0.30027849375 0.77733146875 0.3367747609375 0.772878671875 0.3622719984375
4 0.6908324125 0.568343334375 0.7147069515625 0.5450941484375 0.7167752875 0.49006175937499996 0.6472819296875 0.503891303125 0.5471880828125 0.4844327296875 0.4261862015625 0.48398102187500003 0.3027379296875 0.4548797828125 0.30594001406250004 0.523629996875 0.3409686125 0.5572277546875 0.35130504687499997 0.574859634375 0.451522753125 0.5925469624999999 0.566653546875 0.600597690625 0.671262121875 0.59367340625 0.6908324125 0.568343334375
6 0.72631271875 0.48093920937499995 0.70638340625 0.5623111484375001 0.8051269624999999 0.5247183734374999 0.81623123125 0.5059159156249999 0.8043773359375 0.44635018125 0.72631271875 0.48093920937499995
6 0.2502697171875 0.517957246875 0.310900790625 0.5417759265625001 0.30868956718749996 0.45885576875 0.2628044140625 0.440517984375 0.2224620859375 0.4065486546875 0.1940728203125 0.4561806984375 0.2502697171875 0.517957246875
12 0.27150518749999997 0.252456584375 0.24829324375 0.25350330312499997 0.2282522125 0.2601114640625 0.22104338281250002 0.261387278125 0.220981453125 0.26227290000000003 0.2151722953125 0.2689862984375 0.234265778125 0.2632018296875 0.212781765625 0.2777186578125 0.21938992812500002 0.2977596890625 0.2340306140625 0.31747245468749996 0.2703597140625 0.3324721625 0.2804545015625 0.3153790203125 0.28027478437500003 0.2797683734375 0.27150518749999997 0.252456584375
12 0.8255452234374999 0.34726581093750003 0.8304687578125 0.3404904828125 0.829936090625 0.3226541953125 0.8244798828125001 0.3115932359375 0.8049775921875 0.297770175 0.7826326484374999 0.28641819375 0.7818895046875001 0.29704565 0.775275271875 0.31527213125000003 0.77448881875 0.33924584062499996 0.777164303125 0.35189225468749996 0.7821683890625 0.3566919359375 0.796400259375 0.356797171875 0.8089847484374999 0.3550073109375 0.8255452234374999 0.34726581093750003
8 0.5747301609375 0.7061087765625 0.579611825 0.6101117609375 0.4288736734375 0.6009928375 0.4225848671875 0.6971598546875 0.5747301609375 0.7061087765625