1 0.8718553124999999 0.54039138125 0.8354871781250001 0.359357896875 0.7832138453125 0.27431974062500003 0.7295671625 0.2225137390625 0.6561975640625 0.0479863828125 0.6187188859375 0.027152928124999996 0.497507234375 0.02145499375 0.3707438765625 0.0334347703125 0.333981021875 0.05361069375000001 0.2629436421875 0.23651895 0.2054495921875 0.3000320328125 0.16378268125 0.37498938593750003 0.128475671875 0.5904821499999999 0.153808575 0.8107767062500001 0.1509596078125 0.8713825328125001 0.171237790625 0.9140038703125001 0.246774621875 0.98886885 0.604073884375 0.9787253218749999 0.6761580703125001 0.9676999765625001 0.7654768359374999 0.936839571875 0.8064180390625 0.932218096875 0.8467115953125001 0.8904928968749999 0.867510965625 0.8510613921875001 0.86052761875 0.78672034375 0.8732528671875001 0.6204573109375 0.8718553124999999 0.54039138125
5 0.504363471875 1 0.817272953125 0.99453814375 0.8143997828125 0.9418458859375001 0.862402390625 0.894125859375 0.8737103140625001 0.8704874078125 0.8730626656249999 0.8333836859374999 0.8609366609375 0.810154275 0.86059579375 0.7906259999999999 0.8761018343750001 0.559851484375 0.839324659375 0.35538406875 0.7871876734375001 0.2781572203125 0.7274779859375 0.21473651562499999 0.6662684828125001 0.065391396875 0.64030225 0.032636457812500005 0.6029258343749999 0.017661484375 0.4563955953125 0.016312334375 0.41932595937499995 0.018912807812499998 0.4019209453125 0.0289837265625 0.368654703125 0.025657546875 0.33007536718749997 0.0536788671875 0.26267094687500003 0.2208963296875 0.1862962703125 0.3218540015625 0.1617957671875 0.37307064687499997 0.12625015 0.574893615625 0.1552402171875 0.8927954625 0.179287709375 0.9275373171875 0.22087656249999998 0.9600195640625 0.23310482812500002 0.9891074578125 0.25296352031249997 1 0.504363471875 1
5 0.5975806671874999 0.199778246875 0.6898496703125 0.195503928125 0.7030404515625001 0.1881703265625 0.6832997515625 0.12547262812499999 0.659182784375 0.0664029953125 0.63210399375 0.0411259984375 0.5681003109375 0.036915671875 0.4199094296875 0.0421661109375 0.34895949531250003 0.046956225000000004 0.3221860921875 0.090043684375 0.30463004374999997 0.1525044765625 0.28350790625 0.21413959999999999 0.34123606875 0.214907790625 0.471611996875 0.20641663281249997 0.5975806671874999 0.199778246875
7 0.19741247343749999 0.3177531234375 0.1717281390625 0.372364525 0.20967563125000002 0.40988267812499996 0.28055909687499997 0.45215345156250003 0.37212637656249997 0.45854641249999994 0.525658646875 0.4540906578125 0.6879744390625 0.4441540703125 0.7265971578125 0.418618165625 0.8178745453125 0.3575343203125 0.8118979046874999 0.32034603125 0.7619926390625 0.2590627765625 0.7175682046875 0.2065630484375 0.6822326859375 0.2169469453125 0.5801995468750001 0.221391696875 0.4337839625 0.22661114843750002 0.34321278906249997 0.2264162375 0.2738212375 0.2187482765625 0.24363668437500002 0.269886553125 0.19741247343749999 0.3177531234375
4 0.647841834375 0.6375330828125 0.685871290625 0.628878 0.7182939453125 0.451616115625 0.718046040625 0.4374137328125 0.62154021875 0.4533049578125 0.480481515625 0.46020674218749996 0.3641840203125 0.4613488046875 0.27967144843749997 0.4521689453125 0.28167915625 0.46545268906250004 0.2861284 0.5168743499999999 0.31838465625 0.635292503125 0.34692886562499997 0.6427855375 0.398629415625 0.6543139703125 0.536245978125 0.653687703125 0.647841834375 0.6375330828125
6 0.24575486406249997 0.442105928125 0.1684099515625 0.385741234375 0.14667905625 0.46336952968749995 0.1472988140625 0.4988754828125 0.17974998281250001 0.5267224640625 0.19702264687499998 0.4988954703125 0.25608778593750003 0.5253899843750001 0.24575486406249997 0.442105928125
6 0.8336972843750001 0.34837893750000004 0.7435244609375 0.4218743765625 0.7436794 0.430750865625 0.7462274515625 0.43187336875 0.7459615078125 0.510623771875 0.8073997015625001 0.4695949921875 0.82195844375 0.489763015625 0.85673618125 0.4474237578125 0.8336972843750001 0.34837893750000004
3 0.1404475421875 0.66592390625 0.1338156640625 0.64206584375 0.15717544375 0.8103627703124999 0.15126728750000001 0.8788356859374999 0.221975828125 0.9619537984375001 0.2559388953125 0.9746797624999999 0.43440279843749996 0.9742284203124999 0.7182645140624999 0.9586185640625 0.8170149468749999 0.9187143359375 0.882504034375 0.8554168671875001 0.8662674499999999 0.78999425 0.8688354171875 0.6318997859375 0.855148828125 0.610828621875 0.7245160109375 0.7063403546875 0.68150153125 0.7346166765625 0.5182051249999999 0.7392428625 0.343524225 0.7529469609375 0.27640826875 0.723041296875 0.160460625 0.6424886734374999 0.137319778125 0.6393409218749999 0.13999821875000001 0.640182090625 0.1404475421875 0.66592390625
12 0.25190890625 0.23511330625000001 0.25876219375 0.2207869734375 0.26365425625 0.1958398390625 0.2658678765625 0.170051540625 0.23925390468750002 0.1714040078125 0.21112803281249998 0.187877496875 0.21448820624999998 0.22777521250000002 0.22442277968750002 0.23736891875000002 0.25190890625 0.23511330625000001
12 0.7190026359374999 0.1870037875 0.73460396875 0.21603280156250002 0.7407865234375001 0.21414904687499997 0.7634935390625001 0.192442628125 0.762265021875 0.172929846875 0.7628892734375 0.157824321875 0.7556021546875 0.1472964875 0.7299223125000001 0.151296409375 0.7131964296875 0.159579634375 0.7190026359374999 0.1870037875
8 0.6219195296875 0.9599313296875 0.6129697625 0.8305794515624999 0.3971353921875 0.834147134375 0.39654935 0.9648125328124999 0.6219195296875 0.9599313296875