1 0.15901424375 0.866757040625 0.237527896875 0.867153625 0.269114165625 0.846906875 0.301412053125 0.8012044359375 0.3598889765625 0.805386725 0.4155018359375 0.799448571875 0.5028118421875 0.8282640562499999 0.5280633734375 0.8309181000000001 0.546565990625 0.8230433875 0.5733516328125 0.8297864374999999 0.5833787953125 0.8838651859375 0.60168311875 0.9152472984375001 0.6486105015625 0.93589063125 0.693490446875 0.9386438203124999 0.7219093484375 0.9298474671875001 0.7461342281250001 0.9048992390624999 0.7838452124999999 0.8263797203125 0.816866446875 0.8298503921875 0.8392539140625 0.8223839937499999 0.8524367156249999 0.7903835453125 0.8798113687500001 0.64204171875 0.8948081203125 0.44330183749999996 0.8902990687500001 0.374092 0.865444121875 0.29292430468749997 0.8570502171875001 0.22330615312500002 0.8424265859375 0.1942747796875 0.798462415625 0.16412347656249998 0.67475965 0.145230140625 0.46865838125000003 0.1255319078125 0.430935665625 0.12942262499999999 0.3746111890625 0.1608164671875 0.25819412656249996 0.3155106265625 0.2537959515625 0.301301175 0.269329490625 0.2656200328125 0.2380465234375 0.26429594375 0.22128217656250002 0.27431724062499996 0.216889865625 0.2974221890625 0.24827784375 0.316432265625 0.2489953265625 0.3282909765625 0.1884826953125 0.38084734375 0.16262455625 0.421334978125 0.100916309375 0.6721179 0.095917390625 0.7383645265625 0.1022638578125 0.790092534375 0.11279848125 0.8206580171875 0.13866835 0.8547991859374999 0.15901424375 0.866757040625
12 0.790115434375 0.393020525 0.8476707171875001 0.3872865296875 0.8590161015625 0.372767909375 0.8555337015625 0.3311603453125 0.83713023125 0.319406646875 0.79480518125 0.3110303375 0.7815173703125 0.3253447984375 0.7751885 0.38555999218750003 0.790115434375 0.393020525
12 0.2204714140625 0.31940134375 0.242963890625 0.32962093124999997 0.27352937499999996 0.319086309375 0.290801184375 0.28555175 0.28721963437500003 0.2635725953125 0.2563449828125 0.25836365625 0.2261878140625 0.265013428125 0.20993679062499998 0.288835859375 0.2204714140625 0.31940134375
5 0.742773871875 0.3389476421875 0.746331959375 0.2116691953125 0.7318133390625 0.20032381093749999 0.607906415625 0.1833729 0.54104731875 0.184201259375 0.4697900421875 0.17082016718749998 0.3871873828125 0.1719576953125 0.30429315 0.2692948609375 0.2957126859375 0.3135623359375 0.322090015625 0.3241902375 0.726114534375 0.366654925 0.742773871875 0.3389476421875
7 0.21403752968749998 0.3619305484375 0.2009538765625 0.37430258437499997 0.19247255624999998 0.398941646875 0.25759925156249996 0.433281103125 0.34460008750000004 0.4463530265625 0.54681650625 0.4656429453125 0.65139831875 0.46092387187500006 0.7015922156250001 0.45048839375 0.73532506875 0.42850337656250004 0.754025975 0.38137183750000003 0.7543292796875 0.3598009984375 0.7452296234375 0.3529529359375 0.7123133984375001 0.3671682515625 0.6827687015625 0.3679907453125 0.28364981875 0.31622224375 0.21403752968749998 0.3619305484375
4 0.5198384359375 0.5354711203125 0.553361265625 0.4781141296875 0.55029304375 0.46993611093750004 0.266903065625 0.43818674062499996 0.2585208921875 0.44319738906249995 0.25811844375000004 0.484396640625 0.26844890781249997 0.5169045515625 0.327235 0.5368304 0.43059186875 0.5437658796875 0.4491994984375 0.553577153125 0.49796429375000006 0.5567386562500001 0.5198384359375 0.5354711203125
6 0.18505820625 0.47118311874999996 0.2506303359375 0.5012845578125 0.2476527765625 0.47865475 0.244205896875 0.426517359375 0.2119540921875 0.41063011875 0.188112565625 0.3911634625 0.1633961171875 0.42248728281250003 0.1599625640625 0.455155346875 0.18505820625 0.47118311874999996
6 0.55519025 0.5252610265625 0.6473852015625 0.531380409375 0.70453905 0.514177990625 0.7332962421875 0.46988875781250006 0.7423534453125 0.44316780624999996 0.7027625453125 0.44614803125 0.6549946953125 0.45898091250000006 0.5974669828125 0.462753921875 0.563505065625 0.5056034421875 0.55519025 0.5252610265625
14 0.1392049796875 0.8395015890625 0.151149609375 0.8532544609375 0.22197153281249998 0.8758736046875001 0.25417293750000003 0.8667606718749999 0.2851599640625 0.818242434375 0.30239411875 0.7816688218750001 0.21581749218750002 0.7475743734375 0.1580537828125 0.728113046875 0.1411828265625 0.710271703125 0.11971166562499999 0.6937322046875 0.12295695468750001 0.6458688890625 0.123977740625 0.636156759375 0.121371671875 0.6274259375 0.0987045 0.672778103125 0.09806024218750001 0.7128807312500001 0.1035062953125 0.7714769593749999 0.11954473125000001 0.814225684375 0.1392049796875 0.8395015890625
14 0.5757310109375 0.83092919375 0.5748021078125001 0.826716553125 0.572525459375 0.835948321875 0.601950903125 0.9042062812499999 0.6241193843749999 0.9226044218749999 0.6559522640625 0.933984259375 0.7084157796875 0.9359277015625 0.73578365625 0.92184336875 0.769650109375 0.862915678125 0.7802371578125 0.8131459874999999 0.7921684578125 0.74209340625 0.7807752890625 0.689120828125 0.771662353125 0.656919421875 0.7528372890624999 0.623697228125 0.7413115875 0.614451759375 0.7159986140625 0.693917290625 0.7044835765624999 0.7525161875 0.6996553765625 0.7814669750000001 0.6483081109375 0.7858895765625 0.5909182640624999 0.779857659375 0.5845522203125 0.780973909375 0.5898046796874999 0.7904527078125 0.587760440625 0.7929158703125 0.587853240625 0.7920329515625 0.5811130546875 0.8044574624999999 0.5757310109375 0.83092919375
2 0.8753880796875 0.4089459015625 0.8545665124999999 0.38622595937500004 0.7786857281249999 0.4032454453125 0.78766613125 0.4791739609375 0.7733644671875 0.5472993875000001 0.774268715625 0.683080915625 0.8375526109375 0.6415279093749999 0.8452575703124999 0.5852065828125 0.861744003125 0.52177415625 0.8744707578125 0.4856194734375 0.8916571796874999 0.4410067765625 0.8753880796875 0.4089459015625
15 0.83558225625 0.2271199625 0.81276418125 0.214902271875 0.7835827328125 0.22076192031250003 0.7767102968749999 0.252175871875 0.767841353125 0.294092071875 0.77932465625 0.3292206375 0.785502434375 0.312909134375 0.8052978843749999 0.311419025 0.8280682265625 0.315597634375 0.8462861 0.3291171734375 0.855807296875 0.29798161875 0.83558225625 0.2271199625