14 0.0830770109375 0.58244588125 0.102874134375 0.6073249625 0.18443307343749998 0.6169439078125001 0.202513353125 0.6103766265624999 0.22571655468750002 0.586546528125 0.235281184375 0.561762725 0.236193921875 0.52071076875 0.21762298593749999 0.47829638125 0.20298975000000002 0.46356786562499996 0.144266246875 0.46337730625000007 0.11395079062499999 0.476920596875 0.09296844374999999 0.49699020781250003 0.07343045468750001 0.5524029140625 0.0830770109375 0.58244588125
14 0.7008866484375 0.6510999671875 0.7352760453125 0.6632941781249999 0.7878819609375001 0.6669727421875 0.80818309375 0.6566449703125 0.829437925 0.6326786265625 0.8385938265625 0.6137399265625 0.8371494687500001 0.578396828125 0.8166301656250001 0.5358462 0.7883583578125 0.5201639796874999 0.7356162 0.5184337828125 0.7026711625 0.54158266875 0.6917031359375 0.5584367593749999 0.6823157140625 0.608685578125 0.7008866484375 0.6510999671875
15 0.48634717031249997 0.3032558671875 0.39214432499999996 0.30645803437499997 0.35793213437500004 0.319728840625 0.2968924984375 0.352660525 0.288009084375 0.367702490625 0.2884587765625 0.3892707734375 0.3329987375 0.39630109999999996 0.477995375 0.3946928875 0.48452169375 0.3853597796875 0.48634717031249997 0.3032558671875
15 0.510122953125 0.3832342046875 0.5151505984375 0.3953331390625 0.614926059375 0.3964364359375 0.6471898796875 0.3830293859375 0.6531302609375 0.354076365625 0.6454320703125 0.3241696390625 0.540901453125 0.3070706765625 0.5168398296875 0.31517759375 0.510122953125 0.3832342046875
6 0.060854217187500004 0.424260365625 0.0860057859375 0.40056650781250003 0.0869594875 0.3869279375 0.045362557812499996 0.39380866875 0.025511120312500003 0.425704725 0.060854217187500004 0.424260365625
13 1 0.4463290625 0.9897347562500001 0.4402666625 0.969842353125 0.44474933125 0.9684799234374999 0.46423300625 0.9721861 0.5232289953125 0.993073165625 0.532521140625 0.9991907546875 0.529033134375 1 0.5174603796875 1 0.4463290625
2 0.48141571250000004 0.541774134375 0.4980516328125 0.4998637578125 0.5007355312499999 0.433483025 0.4987462015625 0.4059333984375 0.491497703125 0.39759495624999996 0.35497575000000003 0.3900063046875 0.3018248609375 0.39412121093749997 0.2866466515625 0.3871861640625 0.2768914640625 0.47069347031250003 0.2807338828125 0.5277410953125 0.2920153578125 0.5344036562500001 0.48141571250000004 0.541774134375
2 0.516826478125 0.3993661171875 0.5044550578125 0.40829049375000004 0.4986509203125 0.43529514999999996 0.49102130624999996 0.54440371875 0.5023027812499999 0.5510662796875 0.6428577109375 0.5569790484375 0.670243484375 0.445336178125 0.6674366953125 0.4294767515625 0.5665303265625 0.4165470078125 0.516826478125 0.3993661171875
12 0.294303878125 0.389679503125 0.3395250546875 0.38696799375 0.3369907515625 0.367211834375 0.3259817640625 0.3566525390625 0.308446459375 0.3554263515625 0.294126671875 0.3642144859375 0.2890037484375 0.3814773046875 0.294303878125 0.389679503125
3 0.014522048437499999 0.4454051875 0.012416471875 0.4755163203125 0.01068246875 0.500313721875 0.01171056875 0.5110650375 0.0228520765625 0.517183840625 0.046825784375 0.517970290625 0.0617574921875 0.520794321875 0.0636772828125 0.49334005625 0.0722485421875 0.47258056875000004 0.0839287890625 0.45826815 0.095485175 0.4457269703125 0.0778160546875 0.43114214687499997 0.0525046046875 0.42403248437499996 0.026964059375 0.43292593906250004 0.014522048437499999 0.4454051875
9 0.1340623296875 0.44130493125000003 0.16094061875000001 0.4387346859375 0.19440845 0.44374483906249995 0.21327283593750002 0.4539634859375 0.24103067656250002 0.489722678125 0.246338334375 0.5283617625 0.2787347578125 0.53596685 0.2794779015625 0.5253393921875 0.27260340625 0.49638021875 0.270590515625 0.4615313375 0.2767153890625 0.41212231875 0.2782945703125 0.3895389703125 0.2777495546875 0.384606125 0.278944821875 0.3802399453125 0.27974989375 0.36872686718750003 0.2794018359375 0.378570525 0.282530615625 0.36714140781250004 0.2635609921875 0.37115463593750003 0.23194495312500002 0.37784334531249997 0.1936155140625 0.3787228984375 0.16515176874999998 0.3785124234375 0.1230940578125 0.381801125 0.10103406875000001 0.391827915625 0.092382259375 0.40101239375000003 0.06856964843749999 0.42337595781250004 0.080720634375 0.4277854453125 0.0989657328125 0.44686030624999995 0.1340623296875 0.44130493125000003
1 1 0.4439170859375 0.9940402203125001 0.43469404687499996 0.9382187859375 0.421001159375 0.7277951171875 0.4062869046875 0.70523216875 0.3929617828125 0.7098644359375 0.3267172953125 0.6154843828125001 0.30445444374999997 0.49858234531249995 0.2962798578125 0.40424325781250003 0.3014303921875 0.3543078859375 0.31555961875 0.25461435312499997 0.3692830921875 0.06942418125000001 0.38570175 0.03244616875 0.410526515625 0.0171726796875 0.4329532203125 0 0.48263330781249997 0 0.48383727656250003 0.00016899375 0.5081220859375 0.0448861625 0.5406174296875 0.07189081875 0.54642156875 0.0922738765625 0.5909205671875 0.1279304234375 0.6129928578125 0.1905506640625 0.6134559046875 0.25811661875 0.5711911109375001 0.3282578390625 0.5760958625 0.62748894375 0.60876750625 0.6774652765625 0.6220516640625 0.7178769828125 0.6601196234375 0.7739709046875001 0.669915775 0.7999808953125 0.6619451 0.83596424375 0.62334551875 0.8519599124999999 0.6185903640625 0.867505884375 0.5922669218750001 0.971723053125 0.5858492359375 0.9942450390625 0.5717609734375 1 0.504961665625 1 0.4439170859375