1 0.66763174375 0.6748417640625 0.8191526703124999 0.5842887046875 0.8346920734375001 0.582655446875 0.8578961703125 0.5978915484375 0.8868283968749999 0.592886765625 0.901148725 0.5422845546875 0.9065852828125 0.42584403125000003 0.9002564109375 0.36562883749999997 0.876544853125 0.3268794734375 0.8552831828125 0.3114392140625 0.8143989671874999 0.25878370156249997 0.7535771671875 0.221970896875 0.6915245609375 0.21081793750000002 0.5553506140625 0.22316651406250002 0.43481521562500003 0.25351024375 0.3848196109375 0.28233159375 0.3015927484375 0.34999559062499996 0.1921985796875 0.39291551406249997 0.1482344078125 0.42306681875 0.10876169531249999 0.4959514859375 0.09945201718749999 0.5381715234375 0.1057691578125 0.6730155156250001 0.115376275 0.6896807171875 0.1619886234375 0.7220953453125001 0.3014232203125 0.7781399812500001 0.41714626250000003 0.7954352499999999 0.5309327421875001 0.775620275 0.568958759375 0.8010818296875 0.596356875 0.8001660546875 0.620587621875 0.787799884375 0.6431851109375 0.7598943078125 0.65761045 0.691606109375 0.66763174375 0.6748417640625
6 0.5481581890625 0.4536968203125 0.5491848421875 0.42609454687500004 0.5287397984375 0.418423990625 0.4584041640625 0.42188879687499997 0.41904232812500003 0.4397730765625 0.3902092484375 0.46440627343749996 0.36495185 0.5043747140625 0.3613703015625 0.52635386875 0.3678100484375 0.5315686734375 0.439679796875 0.524014859375 0.518298459375 0.5059322875000001 0.5481581890625 0.4536968203125
14 0.8705949703125 0.4571211328125 0.8575987328125001 0.5390063109375001 0.8354095593749999 0.5707967359375 0.838985240625 0.5861319843749999 0.8678124546875001 0.5988131875 0.8887708218749999 0.5926826078125 0.902478678125 0.536253121875 0.8998363656249999 0.4363727875 0.8856269156250001 0.4319746109375 0.8705949703125 0.4571211328125
4 0.1310382875 0.558418271875 0.14780263437500002 0.56843956875 0.2552485125 0.5630382015625 0.322119340625 0.489237759375 0.3096481578125 0.482693 0.20005569687500002 0.48635609999999996 0.17603497343750002 0.46335029531250005 0.168265271875 0.4641669234375 0.152008384375 0.47765889218749996 0.120521259375 0.47704055468749995 0.10978247968749999 0.5056636125 0.1074258765625 0.5392973203125 0.12572433593750001 0.5452296078125001 0.1310382875 0.558418271875
5 0.50758900625 0.34798334375 0.53795033125 0.356575540625 0.5787412703125 0.35228824062499997 0.6021553890625 0.3321523671875 0.6362091390625 0.2637650234375 0.6688279234375 0.21909510000000001 0.64061318125 0.212241171875 0.568539278125 0.2178525609375 0.501166853125 0.2308253375 0.4198882828125 0.260970778125 0.3009802765625 0.3441683140625 0.2961737875 0.3544929125 0.42110149375 0.34725413125000004 0.50758900625 0.34798334375
12 0.75366458125 0.316228109375 0.74681651875 0.307128453125 0.6918161328125 0.3070175765625 0.6728993375 0.33257241249999997 0.678312434375 0.36538949062500004 0.7078571328125001 0.366211984375 0.7553969859375 0.351395928125 0.75366458125 0.316228109375
2 0.8736224437500001 0.3534312515625 0.8451860484375 0.33767388125000003 0.784635715625 0.3476086734375 0.705774709375 0.3701800875 0.66241613125 0.3908053953125 0.6832614359375 0.5126961859375 0.6893330859375 0.6129302203125 0.6973244390625 0.6210170374999999 0.7989133875000001 0.5683839203125001 0.8564941625 0.5301956624999999 0.870491025 0.4680226828125 0.8880646390625 0.414400515625 0.8736224437500001 0.3534312515625
7 0.3844790328125 0.43876392031250006 0.42160677187499995 0.4437883796875 0.4546964296875 0.41888633437499995 0.48355441875 0.41317521562500004 0.5574917625 0.3777311859375 0.5742699203125 0.35900691875 0.45498549062500004 0.35369073281249996 0.3375597015625 0.3490718671875 0.29048650781249996 0.3513414375 0.19377882500000002 0.3909640765625 0.160596365625 0.4149832015625 0.1839235 0.41610211562500005 0.242612528125 0.4224310921875 0.31891223750000003 0.434943175 0.3844790328125 0.43876392031250006
3 0.5304921578124999 0.68140018125 0.45525563281250003 0.7044833203125 0.416407121875 0.7085664640625 0.33592347031249997 0.7072062203125 0.273843290625 0.694092275 0.253255053125 0.710538975 0.1819267375 0.7028604203125 0.1323029140625 0.672369125 0.11655886875000002 0.6160000640625001 0.10758913125 0.6240842140625 0.10632968125 0.6545675140625 0.115434621875 0.6732493796875 0.14740003125 0.70559665 0.202880840625 0.7238675859375 0.2537137125 0.7488757625 0.293858740625 0.7741146 0.40036335312500004 0.78523736875 0.484100290625 0.7835776562500001 0.531595078125 0.75983959375 0.531136415625 0.72150280625 0.5304921578124999 0.68140018125
15 0.8135865000000001 0.342780475 0.8500673125 0.3246633984375 0.8269815078124999 0.2663879671875 0.7832570640625 0.2495594078125 0.7482212968749999 0.238959025 0.69561725 0.24805863125 0.655321028125 0.297820321875 0.65805725625 0.3323470296875 0.6896594703125001 0.31027934375 0.7082485390625 0.30029148437500003 0.7450978765625 0.3026671828125 0.756665978125 0.3193048125 0.75187485 0.3501593046875 0.8135865000000001 0.342780475
8 0.2029099859375 0.6735674 0.1947739296875 0.566180934375 0.1163736734375 0.558268228125 0.123176165625 0.6589237906250001 0.2029099859375 0.6735674