1 0.2646336609375 0.8904830140625 0.28676240937499997 0.8537542437500001 0.3280103953125 0.8408002734375 0.5017097859375 0.849692475 0.640530971875 0.84234849375 0.6832886578124999 0.85481536875 0.6979909375 0.90781440625 0.721288521875 0.91603475625 0.7682245546875001 0.912947184375 0.7921697875 0.8840638109375 0.80271791875 0.8393192109375001 0.8266873531250001 0.69713775625 0.8308217296875 0.57219088125 0.81649440625 0.497710740625 0.782809240625 0.4131255953125 0.7505315140625 0.3598197765625 0.750804209375 0.3441971578125 0.813226515625 0.34919358749999996 0.8045531546875001 0.2865326734375 0.7891009671875 0.2764958421875 0.7579239 0.27204479843749996 0.748023415625 0.27968567499999997 0.7437768921875 0.29914577656249997 0.7359314953125 0.3009622578125 0.6966264546875001 0.2026050609375 0.6410852328125001 0.1391260640625 0.41058341093750006 0.139009484375 0.363851896875 0.13038009374999998 0.348127015625 0.13596588125 0.3103074703125 0.1763276109375 0.269853365625 0.25571180625 0.2090430171875 0.2702777390625 0.1891397875 0.29141797343750003 0.1867779203125 0.3148178171875 0.20562446093750003 0.354215234375 0.190523025 0.43599538437499996 0.16212675000000001 0.496055821875 0.14952353125 0.54662481875 0.1442884921875 0.6227169171875 0.1522460328125 0.7263872109375 0.1043555703125 0.7841539546875 0.0728035515625 0.8011840156250001 0.087130875 0.87566415625 0.1200221625 0.893819078125 0.250793434375 0.90000854375 0.2646336609375 0.8904830140625
5 0.3192282421875 0.18411943125000002 0.284696390625 0.28029988125 0.27808000625 0.3032702953125 0.323865890625 0.325379553125 0.49968234375 0.3248967640625 0.6550518875 0.325832909375 0.6941549203124999 0.3238516984375 0.7110822234375 0.3205954890625 0.7141480140625001 0.29756309999999997 0.6861106109375 0.225152240625 0.66034880625 0.174979084375 0.5653238968750001 0.175984178125 0.4605503390625 0.175931184375 0.3663511015625 0.18050236718749998 0.3192282421875 0.18411943125000002
7 0.64346596875 0.3282944375 0.47568483749999996 0.326253725 0.3077952484375 0.33042655625 0.2763356953125 0.3014640078125 0.25495465156249997 0.3055303984375 0.22197668906249998 0.363557440625 0.202282475 0.423592190625 0.2311720453125 0.4471823625 0.3293602015625 0.46843046875 0.42678466249999997 0.482561890625 0.5769522640625 0.47630388124999995 0.709366884375 0.46973599374999997 0.7703002875 0.43794657656249997 0.7587873453125 0.3853583765625 0.7321223984375 0.336057375 0.7162531765625 0.32956494062499997 0.64346596875 0.3282944375
12 0.7848145640624999 0.2677194140625 0.752750746875 0.273375171875 0.74971594375 0.2946322640625 0.7410143828125 0.335324665625 0.7469800203125 0.34963550625 0.7781097078125 0.3466272 0.8050335578125001 0.33022668906249997 0.80289740625 0.300000146875 0.7848145640624999 0.2677194140625
12 0.23794987656250002 0.31322485312500004 0.24124807812500002 0.27687773125000004 0.23705773593749999 0.26259787968750004 0.201319371875 0.27529285312499996 0.1860124234375 0.2874565390625 0.1883035171875 0.3088065953125 0.186218340625 0.326528584375 0.2100299203125 0.33582341250000003 0.24016350000000003 0.339013153125 0.23794987656250002 0.31322485312500004
4 0.2849157828125 0.47120636562499996 0.282179859375 0.5262096078125 0.30393725 0.5514511265625 0.3212254078125 0.5783904718749999 0.424832421875 0.5944056484375 0.540226775 0.5964198656249999 0.6416046765625001 0.587534390625 0.6534384984375 0.5708704828125 0.6912620390625 0.5404535187499999 0.7004439140625001 0.47224400156249996 0.5749290609375 0.490475275 0.454348259375 0.48037925625 0.35293937343750004 0.49104002968750005 0.2849157828125 0.47120636562499996
6 0.18445651875 0.4783320375 0.1938797890625 0.49803074531249997 0.2889711703125 0.5440865374999999 0.2762097265625 0.4612872890625 0.2014568015625 0.42002610156250003 0.18445651875 0.4783320375
6 0.8085821390625 0.48301075625 0.7846266187500001 0.4310932875 0.741477184375 0.4614172890625 0.694168396875 0.47568613906249996 0.6847386171875 0.5580980390625 0.74721490625 0.5396543421875 0.8085821390625 0.48301075625
12 0.79162136875 0.28470869374999996 0.7722325390625 0.2763789859375 0.749200153125 0.273313196875 0.7380835453125 0.299756734375 0.7348008390625 0.335216209375 0.7433674484374999 0.3531241265625 0.7808656171874999 0.3413477875 0.797168671875 0.322986053125 0.8054983796874999 0.30359722499999997 0.78536134375 0.287263184375 0.8038780203125 0.29468974531250003 0.798676078125 0.2874955921875 0.798691571875 0.28660794375 0.79162136875 0.28470869374999996
12 0.1867761234375 0.294573225 0.18469094531250002 0.312295215625 0.1890052375 0.319473875 0.20482797656249999 0.32862925625 0.2172085796875 0.3315091171875 0.23139546875 0.3326446703125 0.2367988328125 0.3282993890625 0.24056634375 0.31593428125 0.241872328125 0.29198325625 0.23687180937500002 0.2732496640625 0.23705773593749999 0.26259787968750004 0.21380843125000001 0.2719591734375 0.1931755921875 0.284029896875 0.1867761234375 0.294573225
8 0.56578039375 0.7012275734375 0.5690347874999999 0.6052305578125 0.4105631265625 0.599772134375 0.412007978125 0.700414015625 0.56578039375 0.7012275734375