1 0.205078125 0.787109375 0.24609375 0.79296875 0.271484375 0.783203125 0.283203125 0.76953125 0.33984375 0.75 0.578125 0.744140625 0.615234375 0.732421875 0.654296875 0.732421875 0.703125 0.7578125 0.74609375 0.794921875 0.7890625 0.798828125 0.814453125 0.783203125 0.826171875 0.759765625 0.849609375 0.607421875 0.8515625 0.515625 0.83984375 0.4453125 0.837890625 0.3515625 0.78125 0.271484375 0.744140625 0.240234375 0.744140625 0.20703125 0.732421875 0.203125 0.6875 0.1171875 0.662109375 0.087890625 0.62890625 0.076171875 0.505859375 0.072265625 0.404296875 0.076171875 0.357421875 0.0859375 0.3203125 0.126953125 0.279296875 0.19921875 0.26953125 0.23046875 0.2109375 0.28515625 0.16015625 0.34765625 0.16015625 0.4453125 0.1484375 0.580078125 0.1875 0.763671875 0.205078125 0.787109375
12 0.26953125 0.240234375 0.279296875 0.220703125 0.27734375 0.177734375 0.240234375 0.171875 0.22265625 0.189453125 0.21875 0.228515625 0.23828125 0.244140625 0.26953125 0.240234375
12 0.787109375 0.220703125 0.78515625 0.1875 0.76953125 0.173828125 0.7421875 0.173828125 0.734375 0.185546875 0.740234375 0.2421875 0.7734375 0.265625 0.787109375 0.220703125
6 0.166015625 0.439453125 0.189453125 0.451171875 0.306640625 0.46875 0.30078125 0.427734375 0.314453125 0.35546875 0.185546875 0.33203125 0.171875 0.3359375 0.16015625 0.353515625 0.166015625 0.439453125
6 0.78515625 0.328125 0.76953125 0.341796875 0.68359375 0.353515625 0.697265625 0.427734375 0.689453125 0.453125 0.6953125 0.466796875 0.796875 0.455078125 0.833984375 0.439453125 0.83984375 0.423828125 0.837890625 0.35546875 0.822265625 0.3359375 0.78515625 0.328125
4 0.7066761359375 0.42613636250000003 0.7066761359375 0.3941761375 0.7022372171875 0.36931818125000004 0.7120028421875 0.33913352343750003 0.6915838062499999 0.32759232968749996 0.6116832390625 0.31960227343750003 0.5007102265625 0.322265625 0.3915127828125 0.3213778421875 0.3125 0.3213778421875 0.3089488625 0.31072443125000004 0.28142755625000004 0.341796875 0.32759232968749996 0.3453480125 0.31516335156249997 0.36576704531250004 0.2965198875 0.40216619375 0.302734375 0.44122869375 0.33025568125000004 0.46431107968749996 0.36843039843750003 0.47318892031250004 0.49360795468749996 0.47674005625 0.6880326703125 0.46963778281249996 0.7066761359375 0.42613636250000003
5 0.439453125 0.07634943125 0.3622159078125 0.09232954531250001 0.32049005625000004 0.1571377828125 0.30983664843750003 0.1988636359375 0.3089488625 0.2086292625 0.3799715921875 0.21306818125000002 0.46963778281249996 0.2086292625 0.5806107953125 0.2086292625 0.6818181812499999 0.2121803984375 0.7253196015625 0.2121803984375 0.6862571015625 0.1358309671875 0.6613991484375 0.0870028421875 0.5388849437500001 0.07990056875 0.439453125 0.07634943125
7 0.537109375 0.2201704546875 0.3648792625 0.2112926125 0.30450994374999996 0.21573153281250002 0.30450994374999996 0.21484375 0.30450994374999996 0.21395596718749998 0.2192826703125 0.28053977343750003 0.1979758515625 0.31693892031250004 0.26811079531250004 0.341796875 0.29829545468749996 0.33380681874999996 0.3719815328125 0.3213778421875 0.5149147734375 0.32049005625000004 0.6587357953125 0.31960227343750003 0.7049005687500001 0.3258167625 0.7173295453125 0.33913352343750003 0.80255681875 0.31427556874999996 0.7839133515625 0.2743252828125 0.72265625 0.2192826703125 0.537109375 0.2201704546875
14 0.1875 0.76953125 0.205078125 0.791015625 0.23828125 0.802734375 0.28125 0.802734375 0.3046875 0.7890625 0.30859375 0.765625 0.298828125 0.720703125 0.177734375 0.677734375 0.177734375 0.734375 0.1875 0.76953125
14 0.73828125 0.7890625 0.74609375 0.798828125 0.791015625 0.798828125 0.8203125 0.77734375 0.837890625 0.697265625 0.83203125 0.658203125 0.80078125 0.685546875 0.74609375 0.708984375 0.73828125 0.7890625
8 0.581238946875 0.6174335656250001 0.581238946875 0.510860659375 0.4166666421875 0.514322915625 0.41282153906249996 0.6141794046875 0.581238946875 0.6174335656250001