1 0.6450743921875 0.6939676890625 0.8065015453125 0.6225553546875 0.8221241656249999 0.6228280484375001 0.8432984875 0.6407784515625 0.8726249875000001 0.6393369234375 0.89300543125 0.5908571031250001 0.9125919953125001 0.47594706093749994 0.9136486859374999 0.41540940624999995 0.8948362296875001 0.3740591609375 0.8756147359374999 0.3561428453125 0.8414523562499999 0.2988972875 0.785570265625 0.25494656718750003 0.7253393921875 0.2363144296875 0.5886755531250001 0.23197553124999998 0.4653406390625 0.2474035140625 0.41220525468749997 0.269917103125 0.3213525859375 0.3269339390625 0.2075432015625 0.35620214843750003 0.1602322125 0.3807708265625 0.112171315625 0.4483017078125 0.097785703125 0.48907247812500004 0.0876224078125 0.62368123125 0.0951269375 0.641393025 0.13744149375 0.6792466562499999 0.2690066453125 0.7518663453125 0.3817593390625 0.7831357890625 0.49711251093750003 0.7773355953125 0.53175210625 0.8072415703125 0.55905760625 0.8096716109375001 0.5846147968750001 0.8003506015624999 0.61044468125 0.7754069703125 0.633084734375 0.7093857890625 0.6450743921875 0.6939676890625
6 0.5534421640625 0.45991096249999996 0.5578250328125 0.4326395515625 0.538467190625 0.42253454687499997 0.468233575 0.41740177031250003 0.426985590625 0.43035574062500004 0.3953653953125 0.4512914546875 0.365425334375 0.4878838765625 0.3591918984375 0.5092627203125 0.36494811875 0.5152234625000001 0.4372027390625 0.516484671875 0.5174391015625 0.5081180890625 0.5534421640625 0.45991096249999996
14 0.8730582328125 0.502604909375 0.8501795718749999 0.582295884375 0.8242815140624999 0.6111451703124999 0.8259616484375 0.6268018765625001 0.8530285390625 0.6429017124999999 0.8745778171874999 0.6393710125000001 0.89506051875 0.58503270625 0.9046102515625 0.48557485 0.8910427203125 0.4794777625 0.8730582328125 0.502604909375
4 0.1266690734375 0.513017709375 0.1420871734375 0.52500736875 0.24939042812499998 0.532740621875 0.324756825 0.46763978125000005 0.3131762046875 0.4596239515625 0.20395421093750002 0.4499037828125 0.182916234375 0.42414207187499997 0.1751049265625 0.42400572500000006 0.1573249578125 0.43541590937499997 0.126147890625 0.43096486718750004 0.11200088281250001 0.45806584531250005 0.105562925 0.4911616515625 0.12300202812500001 0.49927974375 0.1266690734375 0.513017709375
5 0.5260586093749999 0.3500413203125 0.5551465015625 0.3622695875 0.596155878125 0.3629854078125 0.62184941875 0.3458530875 0.6639836578125 0.2821256015625 0.701803203125 0.241763871875 0.6746340515625 0.23152251875 0.6024135187499999 0.2283084828125 0.5339622953125 0.23297392968750003 0.44961575781249996 0.252989303125 0.3214548453125 0.3210754578125 0.3154259296875 0.330737334375 0.44030463124999997 0.33877736718749996 0.5260586093749999 0.3500413203125
12 0.7741699640624999 0.348511853125 0.768481915625 0.3386454546875 0.71390500625 0.3318325453125 0.6920148609375001 0.354891521875 0.693388215625 0.3881236765625 0.7226124546875 0.39254063125 0.7716035765625 0.3836286625 0.7741699640624999 0.348511853125
2 0.88869975625 0.40005687500000003 0.8623956625 0.38095143125 0.8010859140625 0.38343294375000003 0.7200619625 0.3962253734375 0.6745129796875 0.4114128609375 0.6803481578125 0.5349355 0.6741590937499999 0.6351623546875 0.6811053453125 0.6441627953125 0.788351428125 0.6043025734375 0.8501569828125 0.573416296875 0.8716264953125 0.5134125375 0.8956040171874999 0.46233174374999997 0.88869975625 0.40005687500000003
7 0.3928029109375 0.4251419 0.4290415765625 0.434653640625 0.464919384375 0.41396982656250003 0.49425828125000004 0.41181818124999997 0.571964046875 0.385649040625 0.5908990562499999 0.3691090859375 0.4731516375 0.349295409375 0.35716401875 0.33040037031249997 0.310165109375 0.32691624375 0.20934948593749997 0.35445784062499996 0.1734871703125 0.37425400625 0.1965040671875 0.37820744375 0.25398432656250003 0.3916416375 0.3281904703125 0.41335905312500004 0.3928029109375 0.4251419
3 0.508157753125 0.6837641109375 0.43066890156250004 0.697506165625 0.39161235156249996 0.69682443125 0.3118943875 0.6856658375 0.25187513125 0.665083971875 0.22943600625 0.678899003125 0.159575140625 0.6625849500000001 0.114037159375 0.6262733078125 0.10528013124999999 0.5684056984375 0.095392040625 0.5753364546874999 0.09042700000000001 0.605439046875 0.0971873234375 0.6250912750000001 0.124972328125 0.6610930374999999 0.177812925 0.68598919375 0.22521916718749999 0.71700593125 0.2619891203125 0.7469490890625 0.36634433906249997 0.7709686 0.44965938281250006 0.779526225 0.4996930921875 0.761753259375 0.5039099296875 0.7236463343749999 0.508157753125 0.6837641109375
15 0.8304093140625 0.38216894687499997 0.868826121875 0.3686328046875 0.8530143812500001 0.307978296875 0.811666740625 0.28594650625 0.778183984375 0.2711553515625 0.7248630781250001 0.2737763109375 0.6788027921875 0.3182562109375 0.6773108765625 0.35285902343750003 0.7113669093749999 0.33480716875 0.73103463125 0.32715919375 0.767319775 0.33400799062500003 0.7767740328125 0.3519314015625 0.7682583984375 0.38197201718749996 0.8304093140625 0.38216894687499997
8 0.18826499375 0.63614481875 0.1947739296875 0.5295719125 0.1114908609375 0.519205728125 0.10934480937499999 0.6011629140625 0.18826499375 0.63614481875