1 0.08984375 0.564453125 0.080078125 0.6171875 0.08203125 0.662109375 0.109375 0.701171875 0.23828125 0.759765625 0.427734375 0.822265625 0.533203125 0.826171875 0.58203125 0.818359375 0.62109375 0.80078125 0.642578125 0.78125 0.685546875 0.783203125 0.71484375 0.76171875 0.728515625 0.73046875 0.755859375 0.609375 0.83203125 0.5 0.869140625 0.49609375 0.876953125 0.48828125 0.890625 0.4296875 0.900390625 0.287109375 0.884765625 0.1875 0.8671875 0.1640625 0.828125 0.072265625 0.7890625 0.033203125 0.765625 0.025390625 0.708984375 0.025390625 0.53515625 0.04296875 0.478515625 0.05859375 0.44921875 0.07421875 0.376953125 0.146484375 0.341796875 0.16015625 0.330078125 0.18359375 0.224609375 0.224609375 0.13671875 0.298828125 0.11328125 0.33203125 0.083984375 0.44921875 0.08984375 0.564453125
6 0.658203125 0.3046875 0.642578125 0.302734375 0.529296875 0.365234375 0.47265625 0.41015625 0.435546875 0.455078125 0.439453125 0.486328125 0.458984375 0.49609375 0.6015625 0.474609375 0.650390625 0.45703125 0.658203125 0.447265625 0.65234375 0.39453125 0.662109375 0.31640625 0.658203125 0.3046875
14 0.75 0.55078125 0.740234375 0.474609375 0.7265625 0.451171875 0.7109375 0.447265625 0.6953125 0.4765625 0.681640625 0.544921875 0.66796875 0.6328125 0.666015625 0.716796875 0.65234375 0.751953125 0.654296875 0.767578125 0.677734375 0.783203125 0.693359375 0.78125 0.720703125 0.744140625 0.748046875 0.6015625 0.75 0.55078125
14 0.869140625 0.494140625 0.88671875 0.48046875 0.890625 0.466796875 0.900390625 0.287109375 0.896484375 0.27734375 0.88671875 0.27734375 0.87890625 0.30078125 0.86328125 0.46875 0.869140625 0.494140625
5 0.634765625 0.03515625 0.517578125 0.048828125 0.4609375 0.0703125 0.36328125 0.158203125 0.361328125 0.17578125 0.33984375 0.1953125 0.3671875 0.201171875 0.62890625 0.201171875 0.71484375 0.189453125 0.728515625 0.142578125 0.7421875 0.041015625 0.634765625 0.03515625
7 0.607421875 0.2734375 0.693359375 0.2421875 0.69921875 0.19921875 0.681640625 0.193359375 0.5078125 0.201171875 0.298828125 0.19921875 0.25390625 0.212890625 0.208984375 0.23828125 0.138671875 0.302734375 0.138671875 0.310546875 0.16015625 0.33203125 0.193359375 0.3359375 0.42578125 0.333984375 0.509765625 0.322265625 0.607421875 0.2734375
4 0.40749289843750003 0.42791193125 0.45543323750000003 0.380859375 0.49538352343750003 0.34357244374999996 0.47940340781249996 0.34002130625000004 0.3817471578125 0.3480113625 0.3018465921875 0.34712357968749996 0.21395596718749998 0.34446022656249997 0.16779119375 0.34446022656249997 0.13849431875 0.30717329531250004 0.11807528281249999 0.3844105125 0.10653409218750001 0.43057528281249996 0.10830965781249999 0.46963778281249996 0.12872869375 0.48295454531250004 0.2192826703125 0.5193536937500001 0.34712357968749996 0.5300071015625 0.34889914843750003 0.5202414765625 0.3515625 0.5140269890625 0.35333806874999996 0.5095880687500001 0.3719815328125 0.46608664843750003 0.40749289843750003 0.42791193125
2 0.8638139203125 0.17134232968750002 0.7572798296875 0.2121803984375 0.7643821015625 0.3622159078125 0.7705965921875 0.48916903281249996 0.7697088062499999 0.5255681812499999 0.8487215921875 0.41459517031250004 0.8718039765625001 0.38618607968749996 0.8753551140625 0.3382457375 0.87890625 0.3133877828125 0.8815696015625001 0.2867542625 0.8948863640625 0.25656960156249997 0.8824573859375 0.1926491484375 0.8744673296875 0.1784446015625 0.8638139203125 0.17134232968750002
15 0.771484375 0.0550426125 0.7572798296875 0.0772372171875 0.751953125 0.11629971718750001 0.7546164765625 0.15625 0.7803622171875 0.13671875 0.7998934671875 0.1358309671875 0.810546875 0.1429332390625 0.83185369375 0.1553622171875 0.83806818125 0.1731178984375 0.8469460234374999 0.1669034078125 0.849609375 0.1429332390625 0.83185369375 0.09943181875 0.8212002828125 0.0719105125 0.7936789765625 0.054154829687499996 0.771484375 0.0550426125
3 0.6178977265625 0.7936789765625 0.6702769890625 0.7173295453125 0.6658380687500001 0.6569602265625 0.6214488640625 0.7102272734375 0.5983664765625 0.7199928984375 0.5735085234375 0.7333096578125 0.5246803984375 0.7501775562499999 0.46431107968749996 0.7537286937500001 0.419921875 0.7439630687500001 0.39772727343750003 0.7244318187500001 0.3799715921875 0.7199928984375 0.3719815328125 0.7013494312499999 0.3329190328125 0.7049005687500001 0.26100852343750003 0.6880326703125 0.2077414765625 0.6764914765625 0.1455965921875 0.6489701703125 0.1198508515625 0.6036931812499999 0.107421875 0.6063565328125 0.0887784078125 0.6107954546875 0.0905539765625 0.6143465921875 0.0843394875 0.6161221578125 0.0914417625 0.6711647734375 0.16068892031249998 0.7102272734375 0.25656960156249997 0.7555042609375 0.3577769875 0.7821377828125 0.39506392031250004 0.80877130625 0.42613636250000003 0.8078835234374999 0.5033735796875 0.80877130625 0.5655184671875 0.8069957390625 0.6178977265625 0.7936789765625
8 0.24114973750000002 0.5222501078125 0.1395670328125 0.521647134375 0.137007521875 0.5303854718750001 0.140261990625 0.65811023125 0.250913065625 0.6589237906250001 0.24114973750000002 0.5222501078125