1 0.3537682703125 0.92485485625 0.4683181921875 0.8738299953125 0.48379113125 0.8709245031249999 0.5341241906249999 0.899420603125 0.5743538296875 0.891866321875 0.6312189625 0.8474570515625001 0.6560760171875 0.7837598328125 0.657941121875 0.7264882187499999 0.70112315625 0.67199915 0.7274271515625 0.6670598125 0.8464516718749999 0.5835717218750001 0.8619246109375001 0.5806662296875 0.8908130140624999 0.6152973859374999 0.90053169375 0.6176888203125 0.94963526875 0.5894944078125001 0.9567444515625001 0.5670774546875 0.9506807171875 0.4944291140625 0.959579740625 0.459026871875 0.9581077109375 0.4150310984375 0.9248450593750001 0.35381474062499996 0.9112121375 0.3142107265625 0.8836284828125001 0.2919837640625 0.8465185171874999 0.28419483749999996 0.7621700812500001 0.2473287140625 0.68461301875 0.24502670312500002 0.5488359 0.3042539859375 0.39862295468750003 0.40624780312500003 0.35831805 0.458088409375 0.29448592812499996 0.5712683171874999 0.2782853515625 0.6122580359375001 0.16499000156250002 0.7052113046875 0.11540133281250001 0.7587952046875001 0.102537890625 0.7865090828125 0.0918239390625 0.849658725 0.07098148125 0.8915200921875 0.0797550640625 0.9299283890625001 0.1088358375 0.9813890187500001 0.12803065 0.99886663125 0.18794019374999998 0.983400478125 0.22084319218749998 0.9961957828125 0.2553185734375 0.9939384296875 0.2898190421875 0.9769189687500001 0.3537682703125 0.92485485625
14 0.9394565859374999 0.5977303468749999 0.9540847796874999 0.5717932859375 0.9392474625 0.46073664687500004 0.9086193953124999 0.40956656718750006 0.893389003125 0.3997773171875 0.8770211437500001 0.40917545781250003 0.8654875375 0.43453142031249997 0.873240759375 0.5532429 0.8628195312500001 0.574173584375 0.8696359921875001 0.593975590625 0.8961072703124999 0.620627834375 0.9394565859374999 0.5977303468749999
14 0.49869529375 0.6826042546875 0.4981349375 0.7522800625 0.5057459671875 0.824637853125 0.48647589062499996 0.851446565625 0.486450803125 0.8662086718750001 0.5045332375 0.8881115656249999 0.5259528046875 0.8967386171875 0.5666173609375 0.89331906875 0.6051073375 0.8692258624999999 0.6288018375 0.839478140625 0.6392481546875 0.8037853484375 0.6419830906249999 0.754783196875 0.629487634375 0.69599179375 0.6120826625 0.6655288890625 0.5692937015624999 0.6187505703125 0.5339234015625001 0.6275005671875 0.49869529375 0.6826042546875
6 0.4494244375 0.6792070890625 0.4527615703125 0.6659312484375 0.4256630078125 0.6183148015625 0.3739248484375 0.6364629390625 0.3199368453125 0.67822374375 0.30066676875 0.7050324546875 0.29377504375 0.7295167703125001 0.2853862 0.7247674203125001 0.28023413750000004 0.765790659375 0.3036610046875 0.7634997875 0.4494244375 0.6792070890625
12 0.6678520859375 0.35569223125 0.6238503953125 0.372387621875 0.60605235 0.44319210625 0.63059159375 0.43647595156249996 0.679260253125 0.40414680625 0.684604684375 0.3799530390625 0.6678520859375 0.35569223125
5 0.57155188125 0.460211565625 0.58086073125 0.4437061625 0.587125171875 0.39825764375 0.5914575765625 0.3194407265625 0.5848585734375 0.3017060828125 0.5019319921875 0.33835994999999996 0.39441598906249997 0.411254184375 0.34567206562499997 0.4878696515625 0.2928884578125 0.60108308125 0.3526056328125 0.5687874546875 0.40062191875000003 0.5302562125 0.57155188125 0.460211565625
15 0.8316477765625001 0.32282664375 0.8243964 0.2988899046875 0.8008022515625 0.2695891984375 0.7464796859375 0.248166840625 0.695661534375 0.24506022500000002 0.6001391421875 0.28197111874999997 0.584641115625 0.29963871875 0.5900775656249999 0.35132285625000004 0.5862302515625 0.4047502875 0.5974209609375001 0.45113749687500004 0.79226288125 0.35341249218750004 0.8316477765625001 0.32282664375
2 0.5934861984375 0.4614590890625 0.587563140625 0.459696496875 0.6058037265625 0.4831029296875 0.6441819625 0.5956803671875 0.6630460375 0.6659250734375 0.6597043421875 0.6818849328125001 0.801196175 0.58152875625 0.8720903609375 0.5327602359375 0.8680377343749999 0.4942320609375 0.8661064578125 0.448597634375 0.8634490593749999 0.416515371875 0.8747591234375 0.3808520390625 0.8429920671875 0.337945328125 0.8304540421875 0.3278421625 0.7893310046875001 0.3528131109375 0.7157452125 0.389629515625 0.6683037406250001 0.40907902500000004 0.6172240390625 0.4416692609375 0.584860128125 0.45445442968750005 0.5934861984375 0.4614590890625
7 0.4541043109375 0.5614190625 0.5113389671874999 0.5123406953125 0.555408321875 0.46765104218750003 0.46112984843750005 0.5054782796875 0.365026559375 0.55323090625 0.28951710468749997 0.5990329875 0.2668665546875 0.62915964375 0.19285117031250001 0.68234735 0.1077348171875 0.766367759375 0.11052527187500001 0.7792595859375 0.1133917625 0.806511221875 0.147580490625 0.7838006656250001 0.20598987968750002 0.7527088875 0.2552447640625 0.7300440390625 0.28246497187499997 0.72972401875 0.2965654890625 0.706952515625 0.3371296703125 0.6562131531250001 0.39473689843750004 0.624313728125 0.4010895453125 0.6097050203125 0.4541043109375 0.5614190625
4 0.17973152187500002 0.8371762734375 0.20850281874999999 0.8106916328124999 0.24993379375 0.781829771875 0.262068825 0.7335539875 0.2257815546875 0.7499507000000001 0.186274240625 0.7698268859375 0.138623675 0.7941070203125 0.1127758890625 0.8142930500000001 0.12255388125 0.8527043953125 0.15209312656250001 0.8471575453125 0.17973152187500002 0.8371762734375
3 0.504286871875 0.8203121343750001 0.49855388749999996 0.7658088625 0.49396521406250005 0.6880921734375 0.497462771875 0.639521778125 0.4497133625 0.662862203125 0.4465807609375 0.6739914359375 0.420634128125 0.6932377578125 0.316475028125 0.7530440921875 0.28097851406249996 0.7769584968750001 0.2131066859375 0.8203681203125001 0.15389513593749998 0.8506522562500001 0.10949882656250001 0.85132276875 0.0881028296875 0.8524656703125 0.07608945 0.88826106875 0.0805716671875 0.91041794375 0.1179082265625 0.9858183593750001 0.1321494171875 0.998476521875 0.25657160625 0.954030653125 0.393379746875 0.8909683312500001 0.455108025 0.857336790625 0.504286871875 0.8203121343750001