1 0.3966824828125 0.86387998125 0.456710375 0.9001040609375 0.49731062656249997 0.9019983968749999 0.5451386203124999 0.8666287718750001 0.5607541015625 0.8673573625 0.6786683359375 0.9021044046875 0.7463403765625001 0.9449520124999999 0.78198333125 0.957059825 0.816446453125 0.9544899015625001 0.8481681906249999 0.9371693859375 0.9089595078125001 0.9441837124999999 0.9266818421874999 0.9241210515624999 0.9515773875000001 0.8688808437500001 0.9572981109375001 0.8294576140625001 0.9332948875 0.7907364718750001 0.9176992421874999 0.72942910625 0.902738125 0.703663584375 0.8492290796875 0.6572988875 0.7292823578125 0.5806779078125001 0.7099637796875 0.54217534375 0.63762693125 0.438530384375 0.5934871734375 0.39260284375 0.4361178265625 0.312146834375 0.2964509796875 0.27220694375 0.21949887499999998 0.2853281359375 0.13849665625000002 0.333772596875 0.1021993359375 0.3467017140625 0.07650566875 0.3726593109375 0.0660457703125 0.4139503734375 0.0377544765625 0.47947691875 0.039732434375 0.5234372671874999 0.05135233125000001 0.5574027140625 0.051005314062499994 0.6304999546875 0.0598292984375 0.65180121875 0.1108696140625 0.672983265625 0.12034796406249999 0.6692475984375 0.1463688125 0.6307715359375 0.1619842953125 0.631500128125 0.2868883125 0.6979076281250001 0.31343463125 0.699146234375 0.36064295468749996 0.7473059046875 0.3669783734375 0.8040032937499999 0.3966824828125 0.86387998125
14 0.1329692453125 0.605078875 0.1313928375 0.485934875 0.1179387390625 0.46232862187499996 0.1009253 0.4552679421875 0.086544184375 0.46713067500000005 0.06008709062499999 0.5222980234375 0.0540193484375 0.6348184953125 0.07059654374999999 0.658570465625 0.115499728125 0.6752882546875 0.13974090625 0.6450849765625 0.14497085625 0.6244394453125001 0.1329692453125 0.605078875
14 0.3787271671875 0.77321714375 0.3852807078125 0.8215688921875 0.398462153125 0.8556071968750001 0.42435410625000003 0.8818827328125 0.46451811562499995 0.9004683546875001 0.505227428125 0.8981898703125 0.5258547375 0.8866185718749999 0.542124584375 0.8623102312500001 0.54094475 0.847632496875 0.5196829109375 0.82366195 0.5215914765624999 0.7506375671875001 0.515583240625 0.6814217124999999 0.4762371890625 0.631539925 0.44037611249999997 0.62777775625 0.4014811640625 0.6802758203125 0.38655474375 0.7130026640625 0.3787271671875 0.77321714375
6 0.6360604078125001 0.618107440625 0.583185890625 0.6072845890624999 0.5599609546875 0.658424834375 0.5643184171875 0.6711618765625 0.7158778156250001 0.7346351609374999 0.7393555671875001 0.7336416375 0.7310223578125 0.693562675 0.723051025 0.6994576109375 0.714281571875 0.6760699375 0.6930197328125 0.652099390625 0.6360604078125001 0.618107440625
12 0.3070149625 0.40639297343749997 0.31422286875 0.4297077890625 0.3651541234375 0.4550626578125 0.3900843625 0.4583148140625 0.36684456718749997 0.3903839203125 0.32177779218749997 0.3799253625 0.3070149625 0.40639297343749997
5 0.652533515625 0.4663823171875 0.5980627578125 0.3969942421875 0.485433003125 0.33951525625 0.4000931578125 0.3146438984375 0.3949177390625 0.33320301875 0.40539249687499995 0.4109830953125 0.4151781953125 0.4553077390625 0.42572731875000003 0.470422628125 0.6012007140625 0.5162111 0.6519683765625001 0.547825203125 0.7138849984375 0.571603675 0.652533515625 0.4663823171875
15 0.3987844265625 0.364717759375 0.4001476890625 0.3125574859375 0.383352371875 0.2971511609375 0.2854656109375 0.273783340625 0.23516888749999998 0.283970315625 0.182819840625 0.3128621296875 0.1616472265625 0.3452975359375 0.15630821718750001 0.37011589218749996 0.1978701828125 0.3950336046875 0.39929006093749997 0.465011203125 0.40679045468749997 0.4173151875 0.3987844265625 0.364717759375
2 0.409763475 0.4721465484375 0.4040107578125 0.47472671406250005 0.4120415765625 0.4665556890625 0.37885473593749996 0.45836057343750003 0.325505221875 0.433082778125 0.276802046875 0.4203655984375 0.2007391046875 0.3940280328125 0.157887790625 0.37493721562500004 0.14620885156250002 0.3867361234375 0.1179725421875 0.43384444687499996 0.1320106984375 0.46773282031249996 0.13187775 0.500010471875 0.13352717187500002 0.5456646375 0.132510921875 0.584547746875 0.20683205 0.6231478687500001 0.3553999421875 0.703193215625 0.350827965625 0.6877874953124999 0.3640932453125 0.6152929953124999 0.39345396875 0.49797227812499995 0.409763475 0.4721465484375
7 0.4896885984375 0.513856715625 0.5504492671875 0.5546727078125 0.60695116875 0.5952899890625 0.614411896875 0.6089314453125 0.6741991359374999 0.6326105640625 0.7185105953125001 0.6774066875 0.734315353125 0.6980841359375 0.76141148125 0.69460076875 0.8121696828125 0.7102624078125 0.8726915015625 0.7330262750000001 0.9084696546875 0.7508375468749999 0.909188465625 0.7233348578125 0.9109550671875001 0.7101239328125 0.8197318203125 0.6384513359375 0.7419608656250001 0.595892153125 0.717077496875 0.5690939609375001 0.63839845625 0.5340886078125 0.5390857984374999 0.5000195781250001 0.44236445468749996 0.475566703125 0.4896885984375 0.513856715625
4 0.754899396875 0.6990445515625 0.7707447125 0.7453610703125 0.8142066734375 0.7682784796875 0.8448923328125 0.7905997703125001 0.8731601859375001 0.7966663234375 0.902971559375 0.7980572687499999 0.9096909515625 0.75849073125 0.8824055484375 0.7420252421875 0.833116509375 0.7245331 0.792270646875 0.710283478125 0.754899396875 0.6990445515625
3 0.5134385390625 0.6384031078125 0.5207167453125 0.6862189515625 0.5222332203125 0.764150765625 0.5207955984375 0.819156146875 0.5726015890625 0.8491095484375 0.636622809375 0.8739357406250001 0.7776150578125 0.9175456703125 0.904832784375 0.944370975 0.9180056734375001 0.9297931984375 0.949238896875 0.8495913281249999 0.9519631593750001 0.826929834375 0.9372152078125 0.7930083421874999 0.915847009375 0.7948599140625 0.87164145 0.8003935640625001 0.8103850484375 0.7785449453125 0.7394889625000001 0.74485225625 0.70231600625 0.7260263796875 0.5940486703125 0.6810947640625 0.566738478125 0.6655776437500001 0.5627523640625001 0.65494688125 0.5134385390625 0.6384031078125