14 0.590625 0.7313432828125 0.5859375 0.6388059703125 0.5671875 0.573134328125 0.534375 0.55223880625 0.4859375 0.5880597015625 0.4734375 0.6179104484375 0.4609375 0.7134328359375 0.4625 0.8417910453124999 0.453125 0.877611940625 0.4640625 0.9074626859375 0.521875 0.919402984375 0.540625 0.9074626859375 0.571875 0.8567164171874999 0.58125 0.823880596875 0.590625 0.7313432828125
14 0.925 0.3611940296875 0.903125 0.39402985 0.8875 0.46865671718749996 0.8734375 0.6179104484375 0.88125 0.6507462687500001 0.90625 0.65373134375 0.9265625 0.6417910453125 0.94375 0.5880597015625 0.953125 0.5134328359375 0.9546875 0.420895521875 0.9453125 0.373134328125 0.925 0.3611940296875
12 0.6265625 0.2358208953125 0.625 0.25074626875 0.6265625 0.29552238750000004 0.6328125 0.3074626859375 0.628125 0.32238805937500004 0.6921875 0.29552238750000004 0.7015625 0.274626865625 0.696875 0.24776119375 0.684375 0.2328358203125 0.6359375 0.226865671875 0.6265625 0.2358208953125
6 0.2890625 0.5074626859375 0.253125 0.54626865625 0.2359375 0.59402985 0.26875 0.6179104484375 0.2890625 0.6179104484375 0.38125 0.5850746265625 0.4125 0.5402985078125 0.4296875 0.4985074625 0.434375 0.46268656718749995 0.4171875 0.4597014921875 0.2890625 0.5074626859375
4 0.025 0.6328358203125 0.025 0.7641791046875 0.034375 0.79402985 0.059375 0.8149253734374999 0.215625 0.8716417906249999 0.215625 0.8417910453124999 0.225 0.823880596875 0.253125 0.7880597015624999 0.2671875 0.7850746265625 0.2421875 0.7134328359375 0.2171875 0.6686567171875 0.025 0.6328358203125
4 0.2296875 0.6 0.2703125 0.519402984375 0.265625 0.5044776125 0.2484375 0.5014925375 0.096875 0.522388059375 0.053125 0.4985074625 0.05 0.5641791046875 0.1078125 0.6179104484375 0.2296875 0.6
5 0.6119791671875 0.08955223906250001 0.5514322921875 0.08830845625 0.4908854171875 0.0920398 0.43359375 0.0995024859375 0.416015625 0.11567164218749999 0.3671875 0.15422885625 0.3098958328125 0.23009950156249998 0.2682291671875 0.28606965 0.3053385421875 0.2910447765625 0.3587239578125 0.29726368124999997 0.4264322921875 0.3084577109375 0.5279947921875 0.29850746250000004 0.556640625 0.2997512453125 0.564453125 0.2910447765625 0.58203125 0.2437810953125 0.6015625 0.1828358203125 0.6236979171875 0.13432835781250002 0.63671875 0.08706467812499999 0.6119791671875 0.08955223906250001
7 0.5227864578125 0.3445273640625 0.548828125 0.30721393125 0.505859375 0.310945275 0.4674479171875 0.2997512453125 0.4192708328125 0.3034825875 0.353515625 0.3034825875 0.3209635421875 0.28482587187499997 0.2838541671875 0.29228855781249996 0.2526041671875 0.288557215625 0.2109375 0.312189053125 0.1432291671875 0.35199005 0.087890625 0.40298507499999997 0.06901041718749999 0.4365671640625 0.06380208281250001 0.4875621875 0.08268229218749999 0.5 0.1328125 0.504975125 0.181640625 0.50373134375 0.2506510421875 0.4975124390625 0.271484375 0.5111940296874999 0.37109375 0.48009950156250003 0.3802083328125 0.46268656718749995 0.3899739578125 0.44402985 0.4212239578125 0.41293532187500004 0.4694010421875 0.3756218890625 0.5227864578125 0.3445273640625
2 0.912109375 0.315920396875 0.91015625 0.25 0.9055989578125001 0.2176616921875 0.884765625 0.20273631875000003 0.8268229171874999 0.2388059703125 0.7688802078125 0.25870646875 0.708984375 0.28482587187499997 0.6536458328125 0.3097014921875 0.6217447921875 0.3271144265625 0.5970052078125 0.33208955156250003 0.615234375 0.41542288593750004 0.6145833328125 0.504975125 0.6171875 0.6106965171875001 0.6236979171875 0.6915422890625 0.6380208328125 0.6952736328125 0.7161458328125 0.6554726359374999 0.7916666671875 0.6082089546875 0.8684895828125001 0.55223880625 0.876953125 0.4975124390625 0.8899739578125001 0.430348259375 0.9016927078125001 0.3706467671875 0.912109375 0.315920396875
9 0.57421875 0.5012437828125 0.58984375 0.5248756203125 0.6028645828125 0.5808457703125 0.6067708328125 0.621890546875 0.607421875 0.70273631875 0.6184895828125 0.6990049765624999 0.6223958328125 0.6741293515625 0.6158854171875 0.5783582093749999 0.6119791671875 0.4900497515625 0.609375 0.40547263593749994 0.5950520828125 0.30721393125 0.5748697921875 0.2910447765625 0.5651041671875 0.29726368124999997 0.5559895828125 0.3047263671875 0.5442708328125 0.319651740625 0.5182291671875 0.3569651734375 0.466796875 0.38805970156249997 0.4309895828125 0.41666666562500004 0.3828125 0.46268656718749995 0.4225260421875 0.45522388124999996 0.4368489578125 0.45149253749999996 0.4368489578125 0.468905471875 0.4147135421875 0.5186567171875 0.431640625 0.538557215625 0.462890625 0.5584577109375 0.4850260421875 0.5771144265625 0.494140625 0.5584577109375 0.5071614578125 0.4975124390625 0.5475260421875 0.4875621875 0.57421875 0.5012437828125
5 0.7760416671875 0.07462686562500001 0.7298177078125 0.078358209375 0.7083333328125 0.0845771140625 0.677734375 0.0907960203125 0.66015625 0.11815920312499999 0.6321614578125 0.19776119375 0.609375 0.27363184218750003 0.6295572921875 0.22263681562499998 0.650390625 0.22263681562499998 0.6783854171875 0.2313432828125 0.6940104171875 0.25373134375 0.6998697921875 0.279850746875 0.7721354171875 0.2524875609375 0.8509114578125001 0.22139303593749998 0.8528645828125001 0.20522388125000002 0.8346354171874999 0.123134328125 0.8033854171874999 0.0733830828125 0.7760416671875 0.07462686562500001
1 0.01875 0.6656716421875 0.01875 0.7820895515624999 0.090625 0.8417910453124999 0.2328125 0.8925373140625 0.309375 0.8985074624999999 0.43125 0.880597015625 0.4671875 0.9134328359375001 0.521875 0.9253731343749999 0.55625 0.9014925375 0.58125 0.8388059703125 0.590625 0.7761194031249999 0.6265625 0.7432835828125001 0.840625 0.6179104484375 0.8578125 0.6179104484375 0.8875 0.6507462687500001 0.9265625 0.6447761187500001 0.9375 0.6238805968750001 0.9546875 0.528358209375 0.971875 0.480597015625 0.984375 0.3850746265625 0.9796875 0.3074626859375 0.9640625 0.2119402984375 0.809375 0.05373134375000001 0.68125 0.041791045312500004 0.50625 0.059701492187500003 0.440625 0.0835820890625 0.3515625 0.16417910468750002 0.278125 0.25074626875 0.259375 0.2865671640625 0.1671875 0.3402985078125 0.1 0.39402985 0.0625 0.4597014921875 0.046875 0.5432835828125 0.0296875 0.5910447765625 0.01875 0.6656716421875
8 0.0654803953125 0.74278469375 0.154823403125 0.767913878125 0.1504384859375 0.679961734375 0.059999237500000004 0.657973696875 0.0654803953125 0.74278469375