1 0.2821622140625 1 0.3339132109375 0.9870562953125 0.353395725 0.9602409156249999 0.366575790625 0.918603978125 0.3821042828125 0.90427968125 0.5338904359375001 0.876284175 0.6299429765625 0.870958303125 0.7216401 0.8880744390625 0.7612520953125 0.9134400515625 0.7833885703125001 0.915866390625 0.8271463109375 0.9049809046874999 0.8392180421875001 0.8813167484375001 0.8436693249999999 0.8469947281250001 0.8360729390625 0.6741804359375 0.8124507984375 0.5375213765625 0.7700530828125001 0.4196558453125 0.699539928125 0.32404060156250003 0.697095640625 0.3086079703125 0.7299858421875001 0.29153385 0.727829140625 0.240461190625 0.7077176078125 0.22584930625 0.668524959375 0.228101871875 0.6573698343750001 0.25755326093750003 0.58380131875 0.14264723125 0.52306531875 0.10876250624999999 0.4978914328125 0.124614484375 0.3532105234375 0.1475296890625 0.29573955937499996 0.1467448390625 0.26823519375 0.172853284375 0.25291637499999997 0.2009866703125 0.2252561828125 0.3259933421875 0.2123637046875 0.3319902515625 0.20382664374999998 0.31554515 0.18037216250000002 0.31728250468749997 0.15825363750000002 0.35242526875 0.165472690625 0.3730340640625 0.20355700625 0.38875428125 0.1826606234375 0.4316133625 0.17324285156250002 0.4845192359375 0.1522506078125 0.5392583265625001 0.14924909375 0.6326748531249999 0.16320789062500002 0.7332924859375 0.2184381234375 0.9321793265625 0.22982087031249998 0.9541061265625 0.24840472500000002 0.9590726171874999 0.2580680671875 0.9951140421875 0.264793009375 1 0.2821622140625 1
6 0.7750554703125 0.47621020312500006 0.7656976640625001 0.4420978578125 0.754219053125 0.4320510640625 0.6275109249999999 0.4560746015625 0.62071121875 0.46308398281249996 0.64215870625 0.5111012796875001 0.675887603125 0.5492635078125 0.7130553109375 0.5591964890625001 0.7721318687500001 0.5201776171875 0.7790274390625 0.5012882265624999 0.7750554703125 0.47621020312500006
6 0.2430670203125 0.6257254375 0.2623578078125 0.6226700765625 0.292402321875 0.600114253125 0.308122540625 0.5620299390625 0.3139876890625 0.5116642171875 0.2954038375 0.5066977265625 0.187776821875 0.513856815625 0.17295526562500002 0.5201592625 0.16819844687500002 0.5525522031250001 0.1698399390625 0.58788669375 0.183457303125 0.6114370375 0.20712145781250002 0.623508771875 0.2430670203125 0.6257254375
14 0.8197355312499999 0.9081321265625 0.8365820312500001 0.8896441359375 0.8432499765625 0.8193765546874999 0.8376365171875 0.7589640390625 0.8297105265625 0.7463770953125 0.7587539609375 0.7853001046875 0.7289011703125 0.7840959109375001 0.7216042015624999 0.812936228125 0.72588170625 0.8399433328124999 0.74215303125 0.8927353953124999 0.7590174796875 0.9118165078124999 0.8197355312499999 0.9081321265625
14 0.27613019687499996 1 0.3258913609375 0.986349359375 0.33125925 0.9578145765625001 0.3096979484375 0.8841081828125 0.29151549375 0.8691907640625001 0.206923615625 0.8469943234375 0.20073497968749998 0.8578618609375 0.21589797187499998 0.9286267046875001 0.22758625625 0.952482584375 0.2512504109375 0.96455431875 0.26030268125 0.9967375859375001 0.2731969484375 1 0.27613019687499996 1
12 0.65817263125 0.23765140312500002 0.6647027 0.3038511546875 0.6834962265625 0.3226267328125 0.7305969140624999 0.29539200625 0.7381035546875 0.2803607734375 0.7285360734374999 0.232439340625 0.7010137609375 0.2209786796875 0.66629034375 0.22647832812500002 0.65817263125 0.23765140312500002
12 0.2177980109375 0.3458706875 0.2118779015625 0.319842828125 0.20767608593750003 0.3160140796875 0.1888019390625 0.3217000015625 0.1766648625 0.3245211765625 0.16246090156249998 0.348343271875 0.1634412234375 0.3715581171875 0.1830615015625 0.3819333265625 0.2002336734375 0.388202025 0.220306009375 0.378730925 0.2177980109375 0.3458706875
7 0.660799890625 0.288289990625 0.6604349828125 0.2973362890625 0.5502645562499999 0.29411201249999996 0.3493261109375 0.3250386828125 0.21526275625000002 0.35256418749999996 0.178059040625 0.44115091562500003 0.1735167921875 0.4975990640625 0.18396004999999999 0.523809378125 0.2587704015625 0.5137582828125 0.313274228125 0.5060245765625 0.46206164687499995 0.48066126249999996 0.6259897718749999 0.46009070156250004 0.7356400937500001 0.43733069375 0.7473959453125001 0.4094020875 0.698850421875 0.32990245156250003 0.6627877875 0.29516594218750003 0.660799890625 0.288289990625
4 0.5438868296875 0.46949912656250004 0.4436477140625 0.4835777421875 0.3123538015625 0.511563459375 0.282347371875 0.5945159984374999 0.4306827359375 0.5889989921875001 0.5205384828125 0.5774637921875 0.662025153125 0.5343809453125 0.626128653125 0.46096755468749995 0.5438868296875 0.46949912656250004
5 0.5284385125 0.30386086875 0.6537850609375 0.2894010296875 0.6192256265625 0.2130793171875 0.5609911375000001 0.140507365625 0.39596013281250003 0.17113995937499998 0.268816303125 0.19127756406250002 0.25273607187499997 0.24865429843750003 0.22744340625 0.3443430078125 0.265842528125 0.34275543750000004 0.35089736562499996 0.3292840734375 0.5284385125 0.30386086875
8 0.58530705 0.718311784375 0.568221225 0.6101117609375 0.4154459390625 0.63761393125 0.4290938015625 0.7362094796875 0.58530705 0.718311784375