1 0.398184709375 0.822138484375 0.4254561203125 0.8177556156250001 0.443202003125 0.8272129734375 0.46858876250000003 0.8267698453125 0.5580779609375 0.8056735796875 0.61296165 0.8164361171875001 0.6715805640625 0.8173663421875 0.69977231875 0.8657098156249999 0.7294737718750001 0.8886324453125001 0.80772321875 0.8950802875000001 0.8290338890625 0.8849411953124999 0.8577809140625 0.8531846546875 0.87093940625 0.8236536328125 0.881770115625 0.7726755984375 0.88256399375 0.7062453750000001 0.8429477359374999 0.45103852968749997 0.8207167265624999 0.4084512765625 0.765014953125 0.35082088125 0.766763259375 0.33906982812500003 0.799688634375 0.322867734375 0.797326765625 0.299467890625 0.781499625 0.28802361875 0.7502202984374999 0.28661617968750003 0.7625849125 0.32351538281250003 0.7569650375 0.3372874359375 0.6544734609375 0.17303551718750002 0.60109946875 0.1368521359375 0.5638593984375 0.129688475 0.35682559375 0.13134884062500002 0.2319468921875 0.1393888734375 0.1855221578125 0.1655937125 0.1684239265625 0.1932400796875 0.15399434218750002 0.2618617359375 0.1221597421875 0.3405543125 0.11163581250000001 0.409107796875 0.1092541765625 0.608398465625 0.12359582031250001 0.7585616640625 0.13393943125000002 0.7915892984374999 0.15559096875 0.8009784828125 0.1887890375 0.8003990078125 0.2195130921875 0.8819064624999999 0.24147141093750002 0.90887109375 0.269015515625 0.9201108453125 0.313964634375 0.9212796781250001 0.3625126296875 0.9048048890624999 0.38348243125 0.875137521875 0.398184709375 0.822138484375
12 0.16053455781249998 0.30081602812499997 0.15343907031249998 0.3419617515625 0.1634759 0.3574139390625 0.22031242031249998 0.3681423890625 0.2358327796875 0.3620112125 0.2347760921875 0.30147355937500003 0.22278643125 0.286055459375 0.1798924 0.29071102187500003 0.16053455781249998 0.30081602812499997
12 0.7270931484375 0.30460066874999997 0.7413765015625 0.3395129578125 0.7709075234375 0.35267144687499996 0.79420510625 0.344451096875 0.807363596875 0.3149200765625 0.7932506781249999 0.28977192500000004 0.7637878312499999 0.280519090625 0.7325766781249999 0.2830173046875 0.7270931484375 0.30460066874999997
5 0.715069403125 0.287229740625 0.6409741015625 0.18303826406249998 0.5587849109375 0.1747057671875 0.48663255312500003 0.181825459375 0.42010007031249996 0.175173096875 0.29518728125 0.1812603046875 0.2797350953125 0.191297134375 0.27218659375 0.318401359375 0.28636768749999997 0.3474551640625 0.6925558140625 0.340365125 0.719759053125 0.3320766 0.715069403125 0.287229740625
7 0.27180175625 0.40826551093749996 0.303490125 0.4331068828125 0.35258350625 0.44787733437500005 0.45635606093750003 0.4616933578125 0.659484209375 0.4601011640625 0.747293275 0.4546616078125 0.8151650234375 0.42612898593750004 0.8088634140625001 0.40084448906250003 0.7969078421875 0.3873792171875 0.7315441921875 0.335777734375 0.3294321546875 0.35256373750000003 0.30007156875 0.349169384375 0.268519546875 0.33213932343749997 0.2588576703125 0.338168240625 0.2572797953125 0.35968343125 0.27180175625 0.40826551093749996
4 0.6688975953125 0.5517477125 0.7291966421875 0.53702123125 0.742321046875 0.5055373828125 0.74551088125 0.46445983281250003 0.7375973109375 0.4587376953125 0.452518578125 0.4656671859375 0.44874926875 0.4735466703125 0.47714554531250003 0.533607109375 0.497082859375 0.556700171875 0.545937634375 0.55780083125 0.5653295640625 0.5496486546875 0.6688975953125 0.5517477125
6 0.7612251624999999 0.4490909078125 0.7532473265624999 0.500729484375 0.74830878125 0.5230136703125 0.8162549 0.4987417609375 0.8426519593749999 0.48496221093749997 0.84207868125 0.452119203125 0.8201863375 0.41876040000000003 0.7947389046875 0.43607505468749996 0.7612251624999999 0.4490909078125
6 0.43624821718750006 0.5000472874999999 0.40615011718750005 0.45440084687500004 0.34917015625 0.44562832343750003 0.3027025375 0.42868103281250003 0.2635220328125 0.4222615765625 0.2702158890625 0.449670234375 0.2950035875 0.4962972875 0.3504406625 0.51841553125 0.4428181234375 0.520354753125 0.43624821718750006 0.5000472874999999
14 0.881856478125 0.7471020140625 0.8847098453125 0.7070958375 0.8660816312499999 0.6599406765625 0.8627245374999999 0.6684111421875001 0.8628949703125001 0.6781752796875 0.861956346875 0.7261393078125 0.83912538125 0.7407445328125 0.8207636468749999 0.7570475859375 0.7615235796875 0.7714004140624999 0.6723048765625 0.7978194750000001 0.6862858468749999 0.8357559671875 0.71292631875 0.8867902765625001 0.7442109421875001 0.8986750718750001 0.8167347546875 0.8823145374999999 0.829832571875 0.8696550406249999 0.8516209484375 0.8461888203125 0.8713241500000001 0.8050006109375 0.881856478125 0.7471020140625
14 0.2373439078125 0.6011903015625 0.21569497499999998 0.6326453609375 0.20381017968749998 0.6639299890625 0.1878435 0.715708009375 0.1935367578125 0.7875300953125 0.19974580625 0.83803311875 0.22834749843750002 0.899688228125 0.25438370312499997 0.9161042328125 0.3068169609375 0.9187406828125001 0.339520525 0.910178565625 0.36320815156249997 0.8937825484375 0.398470696875 0.828348928125 0.3970073125 0.818953865625 0.3957147875 0.8230695156250001 0.3926603890625 0.796229440625 0.38702871875 0.7832647640625 0.3870442125 0.7841524125 0.38522243437500003 0.781520453125 0.39128103593749997 0.7725355078125 0.38503650624999997 0.7708686671875 0.327339328125 0.771875775 0.2765729078125 0.7629947953125 0.2742863078125 0.7337333687500001 0.26792232031249996 0.6743538578125 0.24963154687500003 0.5929845453125 0.2373439078125 0.6011903015625
2 0.148629996875 0.554791165625 0.15139690781249998 0.6115697046874999 0.2108184078125 0.6584801453125 0.22355335312500002 0.523294115625 0.215243634375 0.4541814546875 0.23080746875 0.3793245640625 0.1566987828125 0.3557563953125 0.13397627343750002 0.3765751640625 0.1149747921875 0.4070960921875 0.1282075625 0.4530369171875 0.1377347984375 0.49016322968750003 0.148629996875 0.554791165625
15 0.21229978124999999 0.2855281703125 0.23189003125 0.288737896875 0.2366226625 0.30552575625 0.251123921875 0.2715317015625 0.245941965625 0.229002025 0.2418335875 0.1971086421875 0.213273884375 0.188727959375 0.18947779843749998 0.1989104328125 0.16315371875 0.26773971093750004 0.1699250421875 0.2995866109375 0.1892518984375 0.2877063109375 0.21229978124999999 0.2855281703125
8 0.6796859375000001 0.7012275734375 0.68212676875 0.60848471875 0.5423990640625 0.607096353125 0.5429993453125 0.7093628625 0.6796859375000001 0.7012275734375