6 0.11328125 0.470703125 0.12109375 0.494140625 0.154296875 0.50390625 0.19140625 0.50390625 0.259765625 0.462890625 0.25390625 0.447265625 0.228515625 0.43359375 0.125 0.3984375 0.11328125 0.419921875 0.11328125 0.470703125
6 0.75 0.470703125 0.798828125 0.50390625 0.888671875 0.49609375 0.8984375 0.482421875 0.896484375 0.404296875 0.873046875 0.3984375 0.751953125 0.443359375 0.744140625 0.453125 0.75 0.470703125
4 0.7634943187500001 0.49627130625 0.751953125 0.46342329531250004 0.7626065328125 0.43856534218750004 0.7386363640625 0.40838068125 0.6924715921875 0.40127840781249996 0.6081321015625 0.40571732968749996 0.5246803984375 0.40305397656249997 0.41015625 0.40216619375 0.33469460156249997 0.40305397656249997 0.2698863625 0.41459517031250004 0.26811079531250004 0.419921875 0.25923295468749996 0.44211647656249997 0.2530184671875 0.45365767031250004 0.2397017046875 0.5015980109375 0.2485795453125 0.5335582390625 0.26544744374999996 0.5974786937500001 0.29740767031250004 0.6454190328125 0.3648792625 0.6507457390625 0.49715909218750004 0.6596235796875 0.6578480109375 0.6578480109375 0.7306463062499999 0.6356534078125 0.7652698859375 0.5326704546875 0.7634943187500001 0.49627130625
14 0.095703125 0.720703125 0.08984375 0.6953125 0.076171875 0.6875 0.0703125 0.7890625 0.0859375 0.923828125 0.1171875 0.939453125 0.212890625 0.9375 0.22265625 0.876953125 0.220703125 0.8203125 0.15625 0.796875 0.146484375 0.78515625 0.140625 0.748046875 0.109375 0.736328125 0.095703125 0.720703125
14 0.927734375 0.927734375 0.9375 0.900390625 0.943359375 0.81640625 0.943359375 0.701171875 0.94140625 0.689453125 0.9296875 0.689453125 0.91796875 0.6953125 0.900390625 0.732421875 0.876953125 0.73828125 0.85546875 0.779296875 0.83203125 0.783203125 0.802734375 0.8125 0.802734375 0.90625 0.8046875 0.931640625 0.8125 0.94140625 0.888671875 0.94140625 0.927734375 0.927734375
12 0.0546875 0.24609375 0.056640625 0.30859375 0.083984375 0.3203125 0.15625 0.322265625 0.1640625 0.302734375 0.154296875 0.23828125 0.146484375 0.232421875 0.1015625 0.232421875 0.068359375 0.236328125 0.0546875 0.24609375
12 0.849609375 0.275390625 0.849609375 0.3046875 0.859375 0.32421875 0.923828125 0.322265625 0.951171875 0.30859375 0.95703125 0.251953125 0.94921875 0.2421875 0.8671875 0.228515625 0.853515625 0.240234375 0.849609375 0.275390625
5 0.564453125 0.12109375 0.26171875 0.1328125 0.248046875 0.14453125 0.212890625 0.21484375 0.19140625 0.271484375 0.19140625 0.294921875 0.818359375 0.298828125 0.830078125 0.29296875 0.796875 0.1875 0.763671875 0.1328125 0.744140625 0.125 0.564453125 0.12109375
7 0.5868252828125 0.40482954531250004 0.6782670453125 0.40660511250000003 0.7244318187500001 0.40749289843750003 0.7377485796875 0.41015625 0.7510653421875 0.44655539843750003 0.8034446015625001 0.42169744375 0.85759943125 0.40394176249999997 0.8860085234374999 0.39240056874999996 0.9019886359375 0.3915127828125 0.859375 0.3311434671875 0.8442826703125 0.30450994374999996 0.7643821015625 0.30095880625000004 0.6312144890625 0.29563210156249997 0.44833096718750004 0.30007102343750003 0.33203125 0.29474431874999996 0.22638494374999998 0.29829545468749996 0.1722301140625 0.29296875 0.13849431875 0.3480113625 0.1216264203125 0.37819602343750003 0.1242897734375 0.39861505625000004 0.17400568125 0.40838068125 0.234375 0.43146306875 0.25390625 0.44921875 0.26811079531250004 0.41370738749999997 0.31782670468749996 0.40749289843750003 0.38618607968749996 0.39861505625000004 0.43057528281249996 0.39861505625000004 0.49627130625 0.3995028421875 0.5868252828125 0.40482954531250004
1 0.068359375 0.50390625 0.07421875 0.845703125 0.08984375 0.923828125 0.11328125 0.9375 0.205078125 0.9375 0.21875 0.90234375 0.220703125 0.83203125 0.228515625 0.826171875 0.28515625 0.82421875 0.33203125 0.810546875 0.55078125 0.8125 0.57421875 0.806640625 0.8046875 0.822265625 0.80859375 0.900390625 0.822265625 0.9296875 0.890625 0.935546875 0.92578125 0.92578125 0.939453125 0.87109375 0.94921875 0.498046875 0.94140625 0.45703125 0.865234375 0.328125 0.9140625 0.32421875 0.943359375 0.3125 0.953125 0.287109375 0.951171875 0.251953125 0.923828125 0.23828125 0.87109375 0.234375 0.859375 0.2421875 0.861328125 0.28515625 0.849609375 0.28515625 0.78515625 0.146484375 0.734375 0.087890625 0.720703125 0.0859375 0.693359375 0.099609375 0.5234375 0.09375 0.513671875 0.087890625 0.486328125 0.095703125 0.328125 0.09765625 0.298828125 0.0859375 0.236328125 0.138671875 0.166015625 0.29296875 0.158203125 0.2890625 0.150390625 0.236328125 0.078125 0.23828125 0.0546875 0.251953125 0.056640625 0.3046875 0.064453125 0.3125 0.15234375 0.326171875 0.076171875 0.455078125 0.068359375 0.50390625
8 0.611342640625 0.7541072484375 0.6154105953125 0.6776350437499999 0.3910318765625 0.690104165625 0.392481321875 0.7589884515625 0.611342640625 0.7541072484375