1 0.19620547500000002 0.9168512281250001 0.2064250625 0.9393437078125 0.22472352187500003 0.945275996875 0.232487359375 0.9817737671875 0.24322027343750002 0.9904651093749999 0.308650271875 0.9776964906250001 0.32950949218750003 0.9519374953125 0.3448506046875 0.9110474140625 0.3611074921875 0.8975554453125 0.5141507984375 0.8775421796874999 0.6103504375 0.8772506078125 0.701026103125 0.89914234375 0.7392562765624999 0.926546325 0.7612354296875 0.9301278734375 0.8055029046875 0.92154740625 0.8187965796875 0.89854746875 0.8250380375 0.8645054468750001 0.8264964625 0.6915304265625 0.810058878125 0.5538223671875 0.773887871875 0.433899440625 0.70847546875 0.33472485937499996 0.7068422109375 0.31918545468750004 0.7405809296875 0.30385607187499997 0.74110011875 0.2527405375 0.721780875 0.2370961203125 0.6825240484374999 0.2372944125 0.6698428453124999 0.2661216296875 0.6023888703125 0.147522790625 0.5435094984375 0.1105058296875 0.5175404828125 0.12501858125 0.3718585640625 0.14033036875 0.3145074375 0.1365387984375 0.2856743546875 0.16117199375 0.2689041421875 0.1884651 0.234739515625 0.3118528296875 0.22155085156249998 0.31716678125 0.21388616093750001 0.3002974234375 0.190372896875 0.3008048828125 0.166445453125 0.3347418921875 0.17257603125 0.355700259375 0.20978542187500002 0.3733921140625 0.1866746046875 0.415098825 0.1745008609375 0.4674393046875 0.15067256406250001 0.5210047265625 0.1427861203125 0.6141361421875 0.15145986718749999 0.7153464296875 0.19620547500000002 0.9168512281250001
6 0.775923578125 0.490638096875 0.7683638984375001 0.45608275000000004 0.7574268265625 0.4454489828125 0.629635053125 0.46280820624999996 0.622477821875 0.46945211093749994 0.6413828875 0.5185260765625 0.673068303125 0.5584012406250001 0.7096652203125 0.5702658140625 0.7707029078125001 0.534392246875 0.7785776203125 0.5158896296875 0.775923578125 0.490638096875
6 0.23683917812500002 0.6121063 0.2562634328125 0.6100647296874999 0.28744725312499997 0.5891122281250001 0.30513910625 0.5519028406250001 0.31363215625 0.5019131 0.295333696875 0.49598081250000003 0.18747950468750002 0.49749732812499997 0.1723484140625 0.5030154359375001 0.1659028 0.5351150312499999 0.1656927796875 0.57048700625 0.17805895 0.5947177515625001 0.20105888906249997 0.608011428125 0.23683917812500002 0.6121063
14 0.797937359375 0.9243064609375 0.8157283578125 0.906725484375 0.8260646875000001 0.8369031765624999 0.82362066875 0.77627966875 0.816364290625 0.7632951593749999 0.7434678921875 0.7984512484375 0.7137190375 0.7956863281250001 0.7049226828124999 0.8241052281249999 0.707780884375 0.8512991875000001 0.7212669859374999 0.9048704750000001 0.7371096953125 0.9248080562500001 0.797937359375 0.9243064609375
14 0.3006764125 0.9765706937499999 0.3075303390625 0.9483559484375 0.28985608281249997 0.8736221375 0.2724792640625 0.8577735640625 0.1891649859375 0.8311803484375 0.1824160703125 0.8417091031249999 0.193854734375 0.9131705359375 0.2042784796875 0.9376054390625 0.2272784203125 0.950899115625 0.23463394062499998 0.9835120343750001 0.2488433921875 0.9879102124999999 0.3006764125 0.9765706937499999
12 0.671686125 0.246289059375 0.6747426171875001 0.3127398421875 0.69252775 0.332473265625 0.74098924375 0.30774092343750004 0.749272271875 0.2931231609375 0.742225915625 0.24476667812500003 0.7153411265625 0.2318813171875 0.6803774671875 0.2355561453125 0.671686125 0.246289059375
12 0.22625126562500003 0.33131260625 0.2217014625 0.30501058125 0.2177057859375 0.3009671734375 0.19855992656250002 0.3056575078125 0.1862918359375 0.307839609375 0.1708605875 0.33088568125 0.17062459375 0.354120015625 0.1896749890625 0.365507853125 0.206495546875 0.37266668125 0.22703605468750002 0.36425906874999997 0.22625126562500003 0.33131260625
7 0.671659565625 0.2969957484375 0.6708217109375 0.3060105515625 0.5609710156250001 0.29702481875000003 0.35868937343749996 0.3173927984375 0.22336917343749998 0.3378642453125 0.181580171875 0.42438247812499996 0.17408988125 0.48051554531249996 0.1831470859375 0.5072364953124999 0.2583809453125 0.5011144468750001 0.313214828125 0.4962438484375 0.4631257515625 0.478702225 0.6279057984375 0.46673919062499997 0.738597015625 0.4497490296875 0.7517984265625001 0.4224739515625 0.7074801234375 0.34054259062500003 0.6732848765624999 0.3039663125 0.671659565625 0.2969957484375
4 0.5454229765624999 0.4718377875 0.44458441718749997 0.48065099843750003 0.3120057796875 0.50172696875 0.277699071875 0.5829954078124999 0.426119884375 0.5852492359375 0.5164561937500001 0.5784325328125 0.6600037421875 0.54281356875 0.6279985984375 0.46762211093749995 0.5454229765624999 0.4718377875
5 0.538664665625 0.3056180296875 0.6645962015625 0.2977381359375 0.6340785 0.21971231875 0.579721940625 0.1441920671875 0.4133139203125 0.16614562500000002 0.285290415625 0.1796014375 0.2662293546875 0.236057965625 0.2359633921875 0.3302918203125 0.2743929765625 0.3307160796875 0.36003628593750003 0.32171460625 0.538664665625 0.3056180296875
8 0.5787981140625 0.7305147921875 0.5665939546875001 0.60848471875 0.3898111734375 0.621744790625 0.40224465 0.7443448421875 0.5787981140625 0.7305147921875